                           1                            2                            3                            4                            5 
              version_number                 initial_mass                    initial_z                    burn_min1                    burn_min2 
                       10398      1.0000000000000000E+000      2.0000000000000000E-002      5.0000000000000000E+001      1.0000000000000000E+003 

                                       1                                        2                                        3                                        4                                        5                                        6                                        7                                        8                                        9                                       10                                       11                                       12                                       13                                       14 
                            log_star_age                               luminosity                                   radius                                star_mass                 surface_cell_temperature                           conv_mx1_top_r                             conv_mx1_top                           center_entropy                              max_entropy                                    log_L                                 log_Teff                             log_center_T                           log_center_Rho                                    log_R 
                 3.4981789125485649E+000                  2.5082038308615122E-008                  1.0452778314981183E-001                  1.6686051938059962E-005                  2.2483000530001735E+002                  2.1740138194422661E-002                  3.3680096435350088E-001                  8.3655974465453600E+000                  8.3922904003033789E+000                 -7.6006371731757012E+000                  2.3518542549961725E+000                  3.9546169703670313E+000                 -7.4470990657739655E-001                 -9.8076826012756935E-001 
                 3.5334513459259145E+000                  2.6218482382123057E-008                  1.0606414908677976E-001                  1.6686051938059962E-005                  2.2568204041285426E+002                  1.0293759093897949E-001                  9.9978133438131278E-001                  8.3770138097811202E+000                  8.4020596522026594E+000                 -7.5813924504088837E+000                  2.3534969995588226E+000                  3.9559112238735281E+000                 -7.4758037670676325E-001                 -9.7443138786945982E-001 
                 3.5651707160867780E+000                  2.7369219119594093E-008                  1.0759370561074602E-001                  1.6686051938059962E-005                  2.2649133277616340E+002                  1.0435034672945537E-001                  9.9976962026540861E-001                  8.3880743897378025E+000                  8.4115091170549672E+000                 -7.5627375934152035E+000                  2.3550515872671727E+000                  3.9571547973722057E+000                 -7.5038745437640808E-001                 -9.6821313478932047E-001 
                 3.5941576579209138E+000                  2.8542613224283987E-008                  1.0912962344386393E-001                  1.6686051938059962E-005                  2.2726445884403500E+002                  1.0583017685123709E-001                  9.9976376320745663E-001                  8.3988847812769851E+000                  8.4207824602879935E+000                 -7.5445062674886616E+000                  2.3565315230265571E+000                  3.9583605629604630E+000                 -7.5315659044927108E-001                 -9.6205734334481829E-001 
                 3.6209217372149189E+000                  2.9749279484209723E-008                  1.1067886289990178E-001                  1.6686051938059962E-005                  2.2801645373556227E+002                  1.0725377106874451E-001                  9.9975092653184194E-001                  8.4094986330806396E+000                  8.4300071135936747E+000                 -7.5265235482487478E+000                  2.3579661868604371E+000                  3.9595350896178787E+000                 -7.5590041252141760E-001                 -9.5593531139262178E-001 
                 3.6457801248295549E+000                  3.0978531938599626E-008                  1.1224316460327462E-001                  1.6686051938059962E-005                  2.2872554713371434E+002                  1.0882140889630251E-001                  9.9975092653184194E-001                  8.4199323960376642E+000                  8.4391227500504513E+000                 -7.5089391671472505E+000                  2.3593146750560203E+000                  3.9606805694733445E+000                 -7.5862196777211555E-001                 -9.4984009723303942E-001 
                 3.6689697916275859E+000                  3.2237048032016695E-008                  1.1382271542228685E-001                  1.6686051938059962E-005                  2.2940546719249446E+002                  1.1027662948186667E-001                  9.9973808985622714E-001                  8.4301930655573258E+000                  8.4481908385965081E+000                 -7.4916447336815244E+000                  2.3606037637144630E+000                  3.9617979909248944E+000                 -7.6132170392903520E-001                 -9.4377105781706161E-001 
                 3.6906872452139665E+000                  3.3524679855901148E-008                  1.1541764604306558E-001                  1.6686051938059962E-005                  2.3005648068119416E+002                  1.1180553726042967E-001                  9.9973105863206191E-001                  8.4402879936446276E+000                  8.4571999142889922E+000                 -7.4746353607538998E+000                  2.3618344717507549E+000                  3.9628883089340259E+000                 -7.6400014100391966E-001                 -9.3772778742583340E-001 
                 3.7110975185590633E+000                  3.4845092658609735E-008                  1.1702803824603074E-001                  1.6686051938059962E-005                  2.3068526864435677E+002                  1.1335037011789609E-001                  9.9972402740789668E-001                  8.4502242639676197E+000                  8.4661562531190686E+000                 -7.4578583762848663E+000                  2.3630198616721163E+000                  3.9639524309093548E+000                 -7.6665784978764617E-001                 -9.3171007503403847E-001 
                 3.7303379995090205E+000                  3.6195095297998084E-008                  1.1865383806999320E-001                  1.6686051938059962E-005                  2.3128685675738356E+002                  1.1484310060519930E-001                  9.9970996495956621E-001                  8.4600075578755334E+000                  8.4750169132720643E+000                 -7.4413502755809056E+000                  2.3641509539260461E+000                  3.9649911162216989E+000                 -7.6929516541085508E-001                 -9.2571820918991854E-001 
                 3.7485301590848175E+000                  3.7576167936706097E-008                  1.2029546341484298E-001                  1.6686051938059962E-005                  2.3186378203979277E+002                  1.1641427954789266E-001                  9.9970226477513657E-001                  8.4696448783975793E+000                  8.4837776415214314E+000                 -7.4250875118565887E+000                  2.3652329154993521E+000                  3.9660052572704454E+000                 -7.7191297534293668E-001                 -9.1975075047437205E-001 
                 3.7657759004998481E+000                  3.8991418472877023E-008                  1.2195314088355184E-001                  1.6686051938059962E-005                  2.3242090182923999E+002                  1.1800224113240314E-001                  9.9969456459070727E-001                  8.4791417364565849E+000                  8.4924480427088369E+000                 -7.4090309652803983E+000                  2.3662751819170129E+000                  3.9669956137966746E+000                 -7.7451189056271663E-001                 -9.1380701002159914E-001 
                 3.7821364419923946E+000                  4.0435794047932462E-008                  1.2362429998500263E-001                  1.6686051938059962E-005                  2.3295336572161779E+002                  1.1953175659440370E-001                  9.9967916422184766E-001                  8.4884873482805023E+000                  8.5009852437617237E+000                 -7.3932340241188532E+000                  2.3672689894734011E+000                  3.9679612776585746E+000                 -7.7708817840151012E-001                 -9.0789615455360195E-001 
                 3.7977128398993867E+000                  4.1913467522962588E-008                  1.2531149131931840E-001                  1.6686051938059962E-005                  2.3346531427402022E+002                  1.2114439129094404E-001                  9.9967073417701524E-001                  8.4976990512740258E+000                  8.5094098812216945E+000                 -7.3776464082715290E+000                  2.3682223669034235E+000                  3.9689042806601660E+000                 -7.7964595094166700E-001                 -9.0200910148998470E-001 
                 3.8125867706624494E+000                  4.3430856450805871E-008                  1.2701669323493547E-001                  1.6686051938059962E-005                  2.3396377262044308E+002                  1.2277592318229510E-001                  9.9966230413218293E-001                  8.5067896461440835E+000                  8.5177562743648370E+000                 -7.3622016063229747E+000                  2.3691486156030490E+000                  3.9698261626756515E+000                 -7.8218825911600587E-001                 -8.9613919791495900E-001 
                 3.8268001557073803E+000                  4.4976173543280604E-008                  1.2873822623311140E-001                  1.6686051938059962E-005                  2.3443437032405620E+002                  1.2434713856078272E-001                  9.9964544404251787E-001                  8.5157525152254632E+000                  8.5259455846284009E+000                 -7.3470174959819268E+000                  2.3700212836880099E+000                  3.9707265064069337E+000                 -7.8471281209720678E-001                 -8.9029247891435703E-001 
                 3.8404051276956959E+000                  4.6559022244160007E-008                  1.3047636210828931E-001                  1.6686051938059962E-005                  2.3488996405792764E+002                  1.2600858862771888E-001                  9.9963642571202782E-001                  8.5245907764763373E+000                  8.5340370854392056E+000                 -7.3319961485992469E+000                  2.3708644613917866E+000                  3.9716059084104551E+000                 -7.8722007531386839E-001                 -8.8446816063057043E-001 
                 3.8534479783443851E+000                  4.8180718598452166E-008                  1.3223125156281459E-001                  1.6686051938059962E-005                  2.3533183556555792E+002                  1.2768777650687999E-001                  9.9962740738153777E-001                  8.5333072765661875E+000                  8.5420355740843483E+000                 -7.3171267269401001E+000                  2.3716806822247034E+000                  3.9724649607696745E+000                 -7.8971045635940507E-001                 -8.7866589146683016E-001 
                 3.8659684299974764E+000                  4.9835534572507624E-008                  1.3400274322105152E-001                  1.6686051938059962E-005                  2.3575306846286185E+002                  1.2933840223917906E-001                  9.9961325682792590E-001                  8.5419033346827788E+000                  8.5499066341154855E+000                 -7.3024608788168033E+000                  2.3724573539905638E+000                  3.9733041363162807E+000                 -7.9218400929772070E-001                 -8.7288631093690294E-001 
                 3.8780056414363444E+000                  5.1525611626533806E-008                  1.3579123350415495E-001                  1.6686051938059962E-005                  2.3615619377755709E+002                  1.3100189981765478E-001                  9.9959844625767857E-001                  8.5503825667543065E+000                  8.5576634174008941E+000                 -7.2879768442949482E+000                  2.3731993404559741E+000                  3.9741241339183428E+000                 -7.9464145935780528E-001                 -8.6712826660679554E-001 
                 3.8895892096840363E+000                  5.3254131172312654E-008                  1.3759626703398214E-001                  1.6686051938059962E-005                  2.3654535192358824E+002                  1.3263644697643473E-001                  9.9957825881959161E-001                  8.5587445595926059E+000                  8.5653243760830993E+000                 -7.2736466963258959E+000                  2.3739144182871499E+000                  3.9749252321288342E+000                 -7.9708230554356696E-001                 -8.6139334828462111E-001 
                 3.9007509109237719E+000                  5.5019874699757494E-008                  1.3941807827670002E-001                  1.6686051938059962E-005                  2.3691893483977285E+002                  1.3437824519799588E-001                  9.9956816510054824E-001                  8.5669927087638094E+000                  8.5728832300412385E+000                 -7.2594804029915156E+000                  2.3745997713910034E+000                  3.9757080488017960E+000                 -7.9950709722689195E-001                 -8.5568090782513828E-001 
                 3.9115189111575468E+000                  5.6828882980574012E-008                  1.4125686122324019E-001                  1.6686051938059962E-005                  2.3728316265857512E+002                  1.3613200200254902E-001                  9.9955737248832244E-001                  8.5751299866900883E+000                  8.5803708631259017E+000                 -7.2454308802941840E+000                  2.3752669222290721E+000                  3.9764731306296630E+000                 -8.0191622544575458E-001                 -8.4999044815260927E-001 
                 3.9219207233572222E+000                  5.8666856610793412E-008                  1.4311321886710504E-001                  1.6686051938059962E-005                  2.3762260270240910E+002                  1.3780774799789591E-001                  9.9953529408265396E-001                  8.5831633554104574E+000                  8.5877170036442365E+000                 -7.2316071807995019E+000                  2.3758877480895966E+000                  3.9772214037606610E+000                 -8.0431115832035516E-001                 -8.4432025012631706E-001 
                 3.9319769857799916E+000                  6.0548725886358983E-008                  1.4498635862996040E-001                  1.6686051938059962E-005                  2.3795350113233937E+002                  1.3959455918077554E-001                  9.9952400828921140E-001                  8.5910892003922648E+000                  8.5949969573951268E+000                 -7.2178949911888965E+000                  2.3764920991406671E+000                  3.9779526759554780E+000                 -8.0669046022276814E-001                 -8.3867285742315623E-001 
                 3.9417153632465856E+000                  6.2470260638026224E-008                  1.4687826559596820E-001                  1.6686051938059962E-005                  2.3826978885706615E+002                  1.4129320924327970E-001                  9.9949987035408761E-001                  8.5989176164678671E+000                  8.6021888821898553E+000                 -7.2043266820895075E+000                  2.3770689799316287E+000                  3.9786681111298745E+000                 -8.0905652842920484E-001                 -8.3304246445538510E-001 
                 3.9511531013828942E+000                  6.4431535869221238E-008                  1.4878858940300704E-001                  1.6686051938059962E-005                  2.3857186521831468E+002                  1.4311363095502808E-001                  9.9948780138652571E-001                  8.6066500101749970E+000                  8.6092943108030706E+000                 -7.1909015161536116E+000                  2.3776192259664661E+000                  3.9793680073987825E+000                 -8.1140926386773071E-001                 -8.2743037355711135E-001 
                 3.9603057984811465E+000                  6.6436190331623353E-008                  1.5071715071181979E-001                  1.6686051938059962E-005                  2.3886320805040108E+002                  1.4495349976484037E-001                  9.9947573241896381E-001                  8.6142873619610221E+000                  8.6163298110749444E+000                 -7.1775952793722180E+000                  2.3781492607604724E+000                  3.9800526144218060E+000                 -8.1374843274718545E-001                 -8.2183732475442672E-001 
                 3.9691895894358882E+000                  6.8476736462951635E-008                  1.5266195352176487E-001                  1.6686051938059962E-005                  2.3913865045843679E+002                  1.4669828863434831E-001                  9.9944993691576389E-001                  8.6218258955664222E+000                  8.6232658410137528E+000                 -7.1644569459054575E+000                  2.3786497740087840E+000                  3.9807218126483042E+000                 -8.1607219427040989E-001                 -8.1626918451767017E-001 
                 3.9778363316220777E+000                  7.0567618603668223E-008                  1.5462972100893888E-001                  1.6686051938059962E-005                  2.3940559596431038E+002                  1.4856643830895319E-001                  9.9943614989251339E-001                  8.6292914959388387E+000                  8.6301572164244238E+000                 -7.1513945381523270E+000                  2.3791342975334850E+000                  3.9813779713577611E+000                 -8.1838821670655093E-001                 -8.1070702769050718E-001 
                 3.9862640549772230E+000                  7.2704506336865304E-008                  1.5662141301144317E-001                  1.6686051938059962E-005                  2.3965924225633594E+002                  1.5034920090222692E-001                  9.9940857584601250E-001                  8.6366882179986639E+000                  8.6369837603293291E+000                 -7.1384386700683118E+000                  2.3795941818196260E+000                  3.9820215534939050E+000                 -8.2069738285145544E-001                 -8.0514886222078119E-001 
                 3.9944768271371713E+000                  7.4891968662223669E-008                  1.5863689905039086E-001                  1.6686051938059962E-005                  2.3990324589560234E+002                  1.5226846230287075E-001                  9.9939478882276200E-001                  8.6440136837717869E+000                  8.6440136837717869E+000                 -7.1255647530975263E+000                  2.3800361239904317E+000                  3.9826524229230555E+000                 -8.2299869209240040E-001                 -7.9959578807699949E-001 
                 4.0024765997851892E+000                  7.7122110850666701E-008                  1.6067260492812710E-001                  1.6686051938059962E-005                  2.4013376371883169E+002                  1.5411159559828447E-001                  9.9936860289472895E-001                  8.6512574794811048E+000                  8.6512574794810746E+000                 -7.1128210921984438E+000                  2.3804532277743919E+000                  3.9832698207943786E+000                 -8.2528848577003566E-001                 -7.9405816519537942E-001 
                 4.0102713729114976E+000                  7.9399279593634559E-008                  1.6272903569107439E-001                  1.6686051938059962E-005                  2.4035382246267466E+002                  1.5608043876743324E-001                  9.9935550993071243E-001                  8.6584216900563877E+000                  8.6584216900563540E+000                 -7.1001834380002160E+000                  2.3808510332862807E+000                  3.9838740500853826E+000                 -8.2756710066623640E-001                 -7.8853494912004252E-001 
                 4.0178646888902003E+000                  8.1718724887856398E-008                  1.6480332008933007E-001                  1.6686051938059962E-005                  2.4056189448688599E+002                  1.5794515412476612E-001                  9.9932651157256580E-001                  8.6654989729029559E+000                  8.6654989729029257E+000                 -7.0876784185751767E+000                  2.3812268352601280E+000                  3.9844646820616960E+000                 -8.2983175135581322E-001                 -7.8303404335521776E-001 
                 4.0252719173611702E+000                  8.4092989170224490E-008                  1.6689723185683458E-001                  1.6686051938059962E-005                  2.4076580120277958E+002                  1.5993284551247988E-001                  9.9931060617843570E-001                  8.6724956036579020E+000                  8.6724956036579020E+000                 -7.0752402098097269E+000                  2.3815947989898949E+000                  3.9850423598549440E+000                 -8.3208419751682572E-001                 -7.7755086643202653E-001 
                 4.0325031630151598E+000                  8.6501231284499089E-008                  1.6901162000576264E-001                  1.6686051938059962E-005                  2.4094987665551034E+002                  1.6182519856414296E-001                  9.9927923955092479E-001                  8.6794163505630788E+000                  8.6794163505631090E+000                 -7.0629777106131302E+000                  2.3819267082931228E+000                  3.9856076491930601E+000                 -8.3432562392359644E-001                 -7.7208343544018432E-001 
                 4.0395671877628612E+000                  8.8963912069741225E-008                  1.7114535133856895E-001                  1.6686051938059962E-005                  2.4112949280459731E+002                  1.6378011807152731E-001                  9.9925318096173621E-001                  8.6862591114155574E+000                  8.6862591114155574E+000                 -7.0507861278197348E+000                  2.3822503326221502E+000                  3.9861605312144439E+000                 -8.3655512047175296E-001                 -7.6663489270154128E-001 
                 4.0464752267111317E+000                  9.1471269307840938E-008                  1.7329614395449580E-001                  1.6686051938059962E-005                  2.4129934611346823E+002                  1.6583242865830888E-001                  9.9923757791505130E-001                  8.6930219693515696E+000                  8.6930219693515696E+000                 -7.0387152943536098E+000                  2.3825561450118120E+000                  3.9867010672440779E+000                 -8.3877170982079763E-001                 -7.6121110074780185E-001 
                 4.0532414864104194E+000                  9.4037464293861881E-008                  1.7547688464014871E-001                  1.6686051938059962E-005                  2.4145971739144844E+002                  1.6780085772784298E-001                  9.9920637182168204E-001                  8.6997345465543905E+000                  8.6997345465543905E+000                 -7.0266990900748603E+000                  2.3828446879688019E+000                  3.9872316828695582E+000                 -8.4098511599045911E-001                 -7.5578008452240752E-001 
                 4.0598587195603573E+000                  9.6652218030204951E-008                  1.7767679473973025E-001                  1.6686051938059962E-005                  2.4161117587339183E+002                  1.6988050512610547E-001                  9.9918732349720585E-001                  8.7063710958681497E+000                  8.7063710958681497E+000                 -7.0147881750836873E+000                  2.3831170189505024E+000                  3.9877505498259911E+000                 -8.4318648582158107E-001                 -7.5036928899022237E-001 
                 4.0663364924053527E+000                  9.9317515894853361E-008                  1.7989678596158346E-001                  1.6686051938059962E-005                  2.4175428372535242E+002                  1.7187538853567394E-001                  9.9915359423172534E-001                  8.7129358373045864E+000                  8.7129358373045864E+000                 -7.0029741514478125E+000                  2.3833741782124789E+000                  3.9882581487001842E+000                 -8.4537698390540816E-001                 -7.4497659569623786E-001 
                 4.0726828669536532E+000                  1.0203313494395278E-007                  1.8213738441680621E-001                  1.6686051938059962E-005                  2.4188847587238806E+002                  1.7394011490803554E-001                  9.9912624899682734E-001                  8.7194302670091730E+000                  8.7194302670091730E+000                 -6.9912587695473221E+000                  2.3836151780392814E+000                  3.9887547340196847E+000                 -8.4755688641871696E-001                 -7.3960090439959736E-001 
                 4.0789063092193318E+000                  1.0479820311474516E-007                  1.8440143750276219E-001                  1.6686051938059962E-005                  2.4201134548231923E+002                  1.7600496111962338E-001                  9.9909525091540763E-001                  8.7258628883655280E+000                  8.7258628883654961E+000                 -6.9796461637648965E+000                  2.3838357261467724E+000                  3.9892410524046733E+000                 -8.4972891126944572E-001                 -7.3423569772336572E-001 
                 4.0850070765011548E+000                  1.0761858405509256E-007                  1.8668586633118628E-001                  1.6686051938059962E-005                  2.4212827998230441E+002                  1.7806628665389895E-001                  9.9906044115927584E-001                  8.7322265735322944E+000                  8.7322265735322944E+000                 -6.9681127262934766E+000                  2.3840455169036980E+000                  3.9897167352735350E+000                 -8.5189031984714281E-001                 -7.2888856050150730E-001 
                 4.0909940691085103E+000                  1.1048825946341325E-007                  1.8899082561126673E-001                  1.6686051938059962E-005                  2.4223566740172819E+002                  1.8017632861574578E-001                  9.9902919470494478E-001                  8.7385242331430550E+000                  8.7385242331430852E+000                 -6.9566838678716101E+000                  2.3842380901323956E+000                  3.9901821657296752E+000                 -8.5404176710831514E-001                 -7.2355927774796924E-001 
                 4.0968721121161682E+000                  1.1341499471505560E-007                  1.9131859429479800E-001                  1.6686051938059962E-005                  2.4233628571352534E+002                  1.8228414125448184E-001                  9.9899390259384580E-001                  8.7447606654179655E+000                  8.7447606654179655E+000                 -6.9453295231194776E+000                  2.3844184468206997E+000                  3.9906377689434662E+000                 -8.5618477673015414E-001                 -7.1824281874851148E-001 
                 4.1026399033250733E+000                  1.1639784494530628E-007                  1.9366567647684746E-001                  1.6686051938059962E-005                  2.4243165403886942E+002                  1.8429111478155946E-001                  9.9894043302331714E-001                  8.7509285693088401E+000                  8.7509285693088401E+000                 -6.9340550603822280E+000                  2.3845893245408800E+000                  3.9910831683132941E+000                 -8.5831650178336549E-001                 -7.1294734282024663E-001 
                 4.1083039002202932E+000                  1.1942170874730749E-007                  1.9603150638569666E-001                  1.6686051938059962E-005                  2.4251427090907441E+002                  1.8656027104981360E-001                  9.9892235221871362E-001                  8.7570291024024645E+000                  8.7570291024024645E+000                 -6.9229167190006846E+000                  2.3847372998646974E+000                  3.9915186119614638E+000                 -8.6043697502143435E-001                 -7.0767412277711084E-001 
                 4.1138706923593409E+000                  1.2250494661868725E-007                  1.9841919207573619E-001                  1.6686051938059962E-005                  2.4259172694142816E+002                  1.8871363544189143E-001                  9.9888346867622835E-001                  8.7630693976120195E+000                  8.7630693976120195E+000                 -6.9118463745988237E+000                  2.3848759861073612E+000                  3.9919446762685604E+000                 -8.6254853576356394E-001                 -7.0241632306150803E-001 
                 4.1193356695545438E+000                  1.2564564878824355E-007                  2.0082262743528342E-001                  1.6686051938059962E-005                  2.4266657421756750E+002                  1.9100571140756237E-001                  9.9886266593834661E-001                  8.7690377766481813E+000                  8.7690377766481813E+000                 -6.9008525467847042E+000                  2.3850099591247180E+000                  3.9923607330841580E+000                 -8.6464663963958355E-001                 -6.9718735518916108E-001 
                 4.1247022240807638E+000                  1.2882093770180316E-007                  2.0324340697660945E-001                  1.6686051938059962E-005                  2.4272683838658691E+002                  1.9316514635280269E-001                  9.9881880707686721E-001                  8.7749370335508896E+000                  8.7749370335508896E+000                 -6.8900135438912029E+000                  2.3851177990567907E+000                  3.9927670394095363E+000                 -8.6673212678717482E-001                 -6.9198353360655673E-001 
                 4.1299813865662101E+000                  1.3206529070823358E-007                  2.0568336720805741E-001                  1.6686051938059962E-005                  2.4278788085145402E+002                  1.9515679128581670E-001                  9.9874543211641775E-001                  8.7807743987334437E+000                  8.7807743987334437E+000                 -6.8792113083096709E+000                  2.3852270044211750E+000                  3.9931642670810423E+000                 -8.6880713126426057E-001                 -6.8680082654455854E-001 
                 4.1351777581530120E+000                  1.3534582438422976E-007                  2.0814334017481204E-001                  1.6686051938059962E-005                  2.4283393300067240E+002                  1.9764637140436148E-001                  9.9874543211641775E-001                  8.7865546750674000E+000                  8.7866725278341100E+000                 -6.8685551383039734E+000                  2.3853093738448337E+000                  3.9935528897042496E+000                 -8.7087299845216226E-001                 -6.8163748038902694E-001 
                 4.1402953224097052E+000                  1.3869018728223490E-007                  2.1062311465091049E-001                  1.6686051938059962E-005                  2.4287780918214045E+002                  1.9979908718381456E-001                  9.9868960328433121E-001                  8.7922745241130205E+000                  8.7925649545892011E+000                 -6.8579542653862289E+000                  2.3853878365118018E+000                  3.9939326762371112E+000                 -8.7292854448499158E-001                 -6.7649396926409078E-001 
                 4.1453384283404242E+000                  1.4209009648677988E-007                  2.1312127419052831E-001                  1.6686051938059962E-005                  2.4291647396036532E+002                  2.0214004586834267E-001                  9.9865987712010673E-001                  8.7979352863573812E+000                  8.7983956798989684E+000                 -6.8474361908341645E+000                  2.3854569685081675E+000                  3.9943039533562628E+000                 -8.7497366013712607E-001                 -6.7137319598078993E-001 
                 4.1503161710840155E+000                  1.4556009069254954E-007                  2.1564294130135980E-001                  1.6686051938059962E-005                  2.4295306047379199E+002                  2.0411280815742802E-001                  9.9856699828108586E-001                  8.8035481784059169E+000                  8.8041776070030355E+000                 -6.8369576824945577E+000                  2.3855223741846450E+000                  3.9946674903551078E+000                 -8.7701230252129259E-001                 -6.6626475316394229E-001 
                 4.1552333262761536E+000                  1.4907016648347732E-007                  2.1819041554037172E-001                  1.6686051938059962E-005                  2.4297370027688200E+002                  2.0669352978943206E-001                  9.9856699828108575E-001                  8.8091193711825362E+000                  8.8099036951959082E+000                 -6.8266092635088755E+000                  2.3855592676494912E+000                  3.9950237564214994E+000                 -8.7904652651914594E-001                 -6.6116433060079294E-001 
                 4.1600878784386310E+000                  1.5265581623956144E-007                  2.2075807877336545E-001                  1.6686051938059962E-005                  2.4299618442066534E+002                  2.0898599615826474E-001                  9.9851682525632779E-001                  8.8146363679628905E+000                  8.8156027901877696E+000                 -6.8162866442796561E+000                  2.3855994542535819E+000                  3.9953720193244280E+000                 -8.8107158912168992E-001                 -6.5608339419436501E-001 
                 4.1648820493408412E+000                  1.5629221495081218E-007                  2.2334836363468727E-001                  1.6686051938059962E-005                  2.4300900502091284E+002                  2.1133968454400467E-001                  9.9847230957082622E-001                  8.8201044953666887E+000                  8.8212395276051740E+000                 -6.8060626540224476E+000                  2.3856223672436339E+000                  3.9957126772397493E+000                 -8.8308927853057373E-001                 -6.5101722504586557E-001 
                 4.1696157957081805E+000                  1.5999480160325103E-007                  2.2595779446267888E-001                  1.6686051938059962E-005                  2.4302011543050946E+002                  2.1350176075827662E-001                  9.9839218133692365E-001                  8.8255193646301358E+000                  8.8268205569382303E+000                 -6.7958941277921925E+000                  2.3856422227747158E+000                  3.9960456410344016E+000                 -8.8509750917749874E-001                 -6.4597267299290140E-001 
                 4.1742960339003456E+000                  1.6375354407792588E-007                  2.2859005247848405E-001                  1.6686051938059962E-005                  2.4302358972982620E+002                  2.1601154815640117E-001                  9.9836547192562275E-001                  8.8308865696445036E+000                  8.8323465952272002E+000                 -6.7858092919051529E+000                  2.3856484315810702E+000                  3.9963712101663860E+000                 -8.8709845462304160E-001                 -6.4094267266209048E-001 
                 4.1789252267987766E+000                  1.6757913299699565E-007                  2.3124482316567335E-001                  1.6686051938059962E-005                  2.4302356842950903E+002                  2.1824214175885867E-001                  9.9828733552752535E-001                  8.8362073353101387E+000                  8.8378448432829408E+000                 -6.7757800608159036E+000                  2.3856483934967967E+000                  3.9966895911550337E+000                 -8.8909225255388302E-001                 -6.3592798094891856E-001 
                 4.1835040820614013E+000                  1.7145883042109326E-007                  2.3391783133343169E-001                  1.6686051938059962E-005                  2.4301759467840171E+002                  2.2065157337579969E-001                  9.9823559660943628E-001                  8.8414784022810906E+000                  8.8432801649795110E+000                 -6.7658401430693198E+000                  2.3856377179961639E+000                  3.9970008727947786E+000                 -8.9107699708198140E-001                 -6.3093667107436080E-001 
                 4.1880432897472391E+000                  1.7541588785074205E-007                  2.3661602940112564E-001                  1.6686051938059962E-005                  2.4301023677044202E+002                  2.2323278741042235E-001                  9.9820857526684259E-001                  8.8467108944282309E+000                  8.8486767172480967E+000                 -6.7559310740633540E+000                  2.3856245685656789E+000                  3.9973056623111960E+000                 -8.9305701061505371E-001                 -6.2595583771040775E-001 
                 4.1925462614474167E+000                  1.7944480877012367E-007                  2.3934344095407686E-001                  1.6686051938059962E-005                  2.4299726066579802E+002                  2.2530368832365016E-001                  9.9808697922517087E-001                  8.8519087049344254E+000                  8.8540370755123483E+000                 -6.7460691010259222E+000                  2.3856013777533120E+000                  3.9976040331503446E+000                 -8.9503415451605162E-001                 -6.2097846956695846E-001 
                 4.1970063401847462E+000                  1.8352131705074008E-007                  2.4208925546714322E-001                  1.6686051938059962E-005                  2.4297595075076498E+002                  2.2809169725662087E-001                  9.9808697922517087E-001                  8.8570597694167219E+000                  8.8593567490689082E+000                 -6.7363134826935900E+000                  2.3855632901614170E+000                  3.9978957215915640E+000                 -8.9700280349114869E-001                 -6.1602448521700193E-001 
                 4.2014311529616055E+000                  1.8766741400423329E-007                  2.4485799114966036E-001                  1.6686051938059962E-005                  2.4295144953952141E+002                  2.3037027149925171E-001                  9.9799240452609284E-001                  8.8621710917739911E+000                  8.8646277725679603E+000                 -6.7266111303979690E+000                  2.3855194945483968E+000                  3.9981810785044538E+000                 -8.9896576377035653E-001                 -6.1108571784315169E-001 
                 4.2058224415249121E+000                  1.9188710852019091E-007                  2.4765143992629074E-001                  1.6686051938059962E-005                  2.4292400876545872E+002                  2.3290669109650358E-001                  9.9793836184090545E-001                  8.8672423083888248E+000                  8.8698664104239970E+000                 -6.7169542013281447E+000                  2.3854704391664461E+000                  3.9984600594893762E+000                 -9.0092297258162124E-001                 -6.0615914254433789E-001 
                 4.2101822140846927E+000                  1.9619012211714842E-007                  2.5046901927958304E-001                  1.6686051938059962E-005                  2.4289674500047445E+002                  2.3554255515035780E-001                  9.9789735155059289E-001                  8.8722752074549813E+000                  8.8750628709945953E+000                 -6.7073228624912833E+000                  2.3854216949629441E+000                  3.9987328858240456E+000                 -9.0287483701910354E-001                 -6.0124598471890356E-001 
                 4.2145164504847532E+000                  2.0053589586593177E-007                  2.5330945152584056E-001                  1.6686051938059962E-005                  2.4285762947985606E+002                  2.3797945169964124E-001                  9.9781533096996788E-001                  8.8772694027855472E+000                  8.8802203137360056E+000                 -6.6978078775018179E+000                  2.3853517515692078E+000                  3.9989996190417969E+000                 -9.0482102393745101E-001                 -5.9634860543669765E-001 
                 4.2188275778831459E+000                  2.0497022504579855E-007                  2.5617764076418886E-001                  1.6686051938059962E-005                  2.4281834904671021E+002                  2.4045029585021710E-001                  9.9773331038934276E-001                  8.8822334621989860E+000                  8.8853476519306387E+000                 -6.6883092220539027E+000                  2.3852815018361522E+000                  3.9992608684765849E+000                 -9.0676451788808676E-001                 -5.9145877824662874E-001 
                 4.2231136527371937E+000                  2.0947318494779923E-007                  2.5906941165913355E-001                  1.6686051938059962E-005                  2.4277471777707515E+002                  2.4300561350823513E-001                  9.9766154238129567E-001                  8.8871589126392774E+000                  8.8904352571696190E+000                 -6.6788715639843694E+000                  2.3852034578115271E+000                  3.9995160807320831E+000                 -9.0870228447968293E-001                 -5.8658386116261152E-001 
                 4.2273713879482822E+000                  2.1404076623330236E-007                  2.6197979580280673E-001                  1.6686051938059962E-005                  2.4272786887461751E+002                  2.4552988196930300E-001                  9.9757952180067067E-001                  8.8920400434280431E+000                  8.8954824306987206E+000                 -6.6695035029869834E+000                  2.3851196428305657E+000                  3.9997651726345747E+000                 -9.1063157540180761E-001                 -5.8173220070199638E-001 
                 4.2316078148062077E+000                  2.1868918353561648E-007                  2.6491301793891653E-001                  1.6686051938059962E-005                  2.4268033954419238E+002                  2.4802885992007445E-001                  9.9748724864746763E-001                  8.8968834970136346E+000                  8.9004894842929492E+000                 -6.6601726968295987E+000                  2.3850345938998863E+000                  4.0000084893797121E+000                 -9.1255502178799763E-001                 -5.7689669976194480E-001 
                 4.2358257568782030E+000                  2.2339284175678842E-007                  2.6786682007986157E-001                  1.6686051938059962E-005                  2.4262596201512773E+002                  2.5082132868226076E-001                  9.9744623835715518E-001                  8.9016882327366016E+000                  8.9054564554458082E+000                 -6.6509307472245913E+000                  2.3849372703768745E+000                  4.0002461418533128E+000                 -9.1447182956438500E-001                 -5.7208107791341756E-001 
                 4.2400282277085886E+000                  2.2818813479617456E-007                  2.7084427361477426E-001                  1.6686051938059962E-005                  2.4257322039622207E+002                  2.5302975887976242E-001                  9.9728677100432384E-001                  8.9064582933570566E+000                  8.9103816729253751E+000                 -6.6417069415414538E+000                  2.3848428539145887E+000                  4.0004783401722612E+000                 -9.1638360736358038E-001                 -5.6728034214727840E-001 
                 4.2442129694861048E+000                  2.3301558839098981E-007                  2.7383826385876342E-001                  1.6686051938059962E-005                  2.4250941042678835E+002                  2.5607902429113927E-001                  9.9728677100432384E-001                  8.9111858754447155E+000                  8.9152774197957338E+000                 -6.6326150243570972E+000                  2.3847285957865405E+000                  4.0007048762055195E+000                 -9.1828682591515443E-001                 -5.6250586729900276E-001 
                 4.2483834900121691E+000                  2.3792658862086734E-007                  2.7685221230246032E-001                  1.6686051938059962E-005                  2.4244663658253782E+002                  2.5859814560645461E-001                  9.9717834552323492E-001                  8.9158752885123729E+000                  8.9201260567979279E+000                 -6.6235570222498819E+000                  2.3846161635278169E+000                  4.0009259724992070E+000                 -9.2018320108652218E-001                 -5.5775200172794803E-001 
                 4.2525428741530771E+000                  2.4291073422002693E-007                  2.7988520367092601E-001                  1.6686051938059962E-005                  2.4238242433014500E+002                  2.6137665552913503E-001                  9.9711638810546988E-001                  8.9205264377705511E+000                  8.9249355010263631E+000                 -6.6145532933071740E+000                  2.3845011250053503E+000                  4.0011417520600734E+000                 -9.2207239982344025E-001                 -5.5302006021166117E-001 
                 4.2566955848764554E+000                  2.4795571545130410E-007                  2.8293436432909103E-001                  1.6686051938059962E-005                  2.4231488891133915E+002                  2.6394326079620639E-001                  9.9700796262438052E-001                  8.9251374838290136E+000                  8.9296898543507215E+000                 -6.6056258766434688E+000                  2.3843800997057452E+000                  4.0013522585052241E+000                 -9.2395337582593051E-001                 -5.4831430128059833E-001 
                 4.2608419671515430E+000                  2.5307676335832162E-007                  2.8600680855091859E-001                  1.6686051938059962E-005                  2.4224470901247003E+002                  2.6661656257804989E-001                  9.9691502649773289E-001                  8.9297173973587416E+000                  8.9344402841744675E+000                 -6.5967477284432086E+000                  2.3842543001787906E+000                  4.0015577907647817E+000                 -9.2583007804805273E-001                 -5.4362362812655862E-001 
                 4.2649819109327156E+000                  2.5825155232409804E-007                  2.8909429674713277E-001                  1.6686051938059962E-005                  2.4217002768626023E+002                  2.6923492766756485E-001                  9.9680660101664398E-001                  8.9342566495995950E+000                  8.9391336038371918E+000                 -6.5879570593000594E+000                  2.3841203914049198E+000                  4.0017582326504453E+000                 -9.2769785050791476E-001                 -5.3896047600724262E-001 
                 4.2691254898281050E+000                  2.6352477789218995E-007                  2.9220191812591279E-001                  1.6686051938059962E-005                  2.4209914237741310E+002                  2.7210432022886499E-001                  9.9674464359887893E-001                  8.9387601110617432E+000                  8.9437922796666101E+000                 -6.5791785440342085E+000                  2.3839932509758341E+000                  4.0019535956320249E+000                 -9.2955921529515373E-001                 -5.3431693751614584E-001 
                 4.2732759024031060E+000                  2.6884249924828857E-007                  2.9533268493184195E-001                  1.6686051938059962E-005                  2.4201826470339708E+002                  2.7470298697510492E-001                  9.9662072876334873E-001                  8.9432358721708614E+000                  8.9484106214115755E+000                 -6.5705020759081592E+000                  2.3838481424107805E+000                  4.0021444537049709E+000                 -9.3141698032412124E-001                 -5.2968848632301413E-001 
                 4.2774326951334496E+000                  2.7425927549094446E-007                  2.9848141595262478E-001                  1.6686051938059962E-005                  2.4194190796976127E+002                  2.7707148810240695E-001                  9.9644266828371153E-001                  8.9476743577299214E+000                  8.9530177839682068E+000                 -6.5618386755985938E+000                  2.3837111011927616E+000                  4.0023303573586508E+000                 -9.3326728632872313E-001                 -5.2508270373219312E-001 
                 4.2816027860122396E+000                  2.7974411005047673E-007                  3.0165469767825775E-001                  1.6686051938059962E-005                  2.4186031244045370E+002                  2.8031164581466428E-001                  9.9644266828371153E-001                  8.9520865560993776E+000                  8.9575751880257641E+000                 -6.5532390486763061E+000                  2.3835646095637633E+000                  4.0025118554452792E+000                 -9.3511450820993447E-001                 -5.2048990701305275E-001 
                 4.2857857016914354E+000                  2.8528333459635513E-007                  3.0484382663404785E-001                  1.6686051938059962E-005                  2.4177412292399623E+002                  2.8298947211036268E-001                  9.9631902183393106E-001                  8.9564636927370014E+000                  8.9620965550531242E+000                 -6.5447235977934657E+000                  2.3834098164844368E+000                  4.0026888114932424E+000                 -9.3695442988645772E-001                 -5.1592259541297980E-001 
                 4.2899877471942309E+000                  2.9090970968549826E-007                  3.0805183216710424E-001                  1.6686051938059962E-005                  2.4168910551003248E+002                  2.8551565670302931E-001                  9.9615685328735981E-001                  8.9608077213813733E+000                  8.9666177615206575E+000                 -6.5362417830758721E+000                  2.3832570743852504E+000                  4.0028611893569588E+000                 -9.3878816878220250E-001                 -5.1137620385581084E-001 
                 4.2942098458666456E+000                  2.9660683016979331E-007                  3.1128071600158019E-001                  1.6686051938059962E-005                  2.4160092725956247E+002                  2.8839058146520657E-001                  9.9606418554646192E-001                  8.9651227249865801E+000                  8.9710882978923756E+000                 -6.5278188523942919E+000                  2.3830985967516503E+000                  4.0030292431456971E+000                 -9.4061723179042678E-001                 -5.0684778324781909E-001 
                 4.2984554803590731E+000                  3.0236094093873897E-007                  3.1451105073357044E-001                  1.6686051938059962E-005                  2.4151431975016135E+002                  2.9127087092020909E-001                  9.9597151780556403E-001                  8.9693930494386365E+000                  8.9754951568252643E+000                 -6.5194743118162597E+000                  2.3829428855115005E+000                  4.0031929549741898E+000                 -9.4243353139270614E-001                 -5.0236409047850406E-001 
                 4.3027462123683948E+000                  3.0823066521684094E-007                  3.1778668678111144E-001                  1.6686051938059962E-005                  2.4142404912802803E+002                  2.9420152295467622E-001                  9.9587885006466614E-001                  8.9736584564236974E+000                  8.9799265772427130E+000                 -6.5111241564288846E+000                  2.3827805295660571E+000                  4.0033529108448667E+000                 -9.4425630822195039E-001                 -4.9786430089392969E-001 
                 4.3070658684550462E+000                  3.1416078831653436E-007                  3.2107619367052193E-001                  1.6686051938059962E-005                  2.4133113745161234E+002                  2.9673663530997285E-001                  9.9569351458287036E-001                  8.9778916127215194E+000                  8.9843545245774799E+000                 -6.5028480219709861E+000                  2.3826133598270056E+000                  4.0035087681712476E+000                 -9.4607220142364190E-001                 -4.9339189418687773E-001 
                 4.3114204174375717E+000                  3.2016993685693251E-007                  3.2437933132420271E-001                  1.6686051938059962E-005                  2.4123924963317228E+002                  2.9970562755056557E-001                  9.9560084684197248E-001                  8.9820849454678271E+000                  8.9887146444489403E+000                 -6.4946194496500054E+000                  2.3824479687067295E+000                  4.0036600013431594E+000                 -9.4787858300479344E-001                 -4.8894682578583493E-001 
                 4.3158181483790070E+000                  3.2624499521990278E-007                  3.2769774568800947E-001                  1.6686051938059962E-005                  2.4114521896629276E+002                  3.0269404084131796E-001                  9.9550817910107470E-001                  8.9862464629394818E+000                  8.9930023459733572E+000                 -6.4864561419220177E+000                  2.3822786558578333E+000                  4.0038071405591324E+000                 -9.4967831350503307E-001                 -4.8452654622404917E-001 
                 4.3202623460892751E+000                  3.3239586103529661E-007                  3.3102955703356030E-001                  1.6686051938059962E-005                  2.4105155289525069E+002                  3.0509551043681210E-001                  9.9527650974882997E-001                  8.9903749977546621E+000                  8.9972251424730967E+000                 -6.4783443926518336E+000                  2.3821099336233997E+000                  4.0039502777744662E+000                 -9.5147056301062505E-001                 -4.8013322712008921E-001 
                 4.3247623404559166E+000                  3.3859686839811782E-007                  3.3437432535233502E-001                  1.6686051938059962E-005                  2.4095375071043674E+002                  3.0812162284435940E-001                  9.9518384200793208E-001                  8.9944696883065589E+000                  9.0014727060590047E+000                 -6.4703170628948508E+000                  2.3819336909448889E+000                  4.0040894502332689E+000                 -9.5325479632418308E-001                 -4.7576707688457653E-001 
                 4.3293299503317479E+000                  3.4489241901355666E-007                  3.3773886268306019E-001                  1.6686051938059962E-005                  2.4085729921929894E+002                  3.1107119843396769E-001                  9.9506776131578623E-001                  8.9985390866791661E+000                  9.0056954659671504E+000                 -6.4623163516365638E+000                  2.3817598120253418E+000                  4.0042248875338258E+000                 -9.5503489629458371E-001                 -4.7141896341633882E-001 
                 4.3316407375193382E+000                  3.4807615518009832E-007                  3.3942783112126179E-001                  1.6686051938059962E-005                  2.4080985833621077E+002                  3.1250468324007724E-001                  9.9499801449408931E-001                  9.0005626854826435E+000                  9.0078108411004632E+000                 -6.4583257268691234E+000                  2.3816742619689291E+000                  4.0042911043154579E+000                 -9.5592280862182932E-001                 -4.6925255091979395E-001 
