                           1                            2                            3                            4                            5 
              version_number                 initial_mass                    initial_z                    burn_min1                    burn_min2 
                       10398      1.0000000000000000E+000      2.0000000000000000E-002      5.0000000000000000E+001      1.0000000000000000E+003 

                                       1                                        2                                        3                                        4                                        5                                        6                                        7                                        8                                        9                                       10                                       11                                       12                                       13                                       14 
                            log_star_age                               luminosity                                   radius                                star_mass                 surface_cell_temperature                           conv_mx1_top_r                             conv_mx1_top                           center_entropy                              max_entropy                                    log_L                                 log_Teff                             log_center_T                           log_center_Rho                                    log_R 
                 3.4877776990947815E+000                  1.7938559994882129E-008                  3.0926536945778897E-002                  3.6405931501221739E-005                  3.8011120135387102E+002                  2.2751729004269181E-002                  8.2912977496914264E-001                  8.4684238454767460E+000                  8.4685003911816175E+000                 -7.7462124225727038E+000                  2.5799106666704801E+000                  3.9317364260045142E+000                 -8.5833203723606943E-001                 -1.5096687081746849E+000 
                 3.5028510659957943E+000                  1.9049614653157258E-008                  3.1139679347274015E-002                  3.6405931501221739E-005                  3.8454210559347752E+002                  3.1031126888012708E-002                  9.9999150602464670E-001                  8.4322585729589647E+000                  8.4323090599056414E+000                 -7.7201138050644813E+000                  2.5849438988497058E+000                  3.9257041661724967E+000                 -8.5454026711461750E-001                 -1.5066858637790250E+000 
                 3.5190674954561127E+000                  1.9827781674393551E-008                  3.1296992255247402E-002                  3.6405931501221739E-005                  3.8743303637362021E+002                  3.1186956059111915E-002                  9.9999150602464670E-001                  8.4519329304898250E+000                  8.4519978484675544E+000                 -7.7027258717987683E+000                  2.5881966490707189E+000                  3.9285708950231308E+000                 -8.5770126571785976E-001                 -1.5044973975881950E+000 
                 3.5414041712051474E+000                  2.0971213194899520E-008                  3.1525813211624981E-002                  3.6405931501221739E-005                  3.9147331111034407E+002                  3.1413551048618704E-002                  9.9999150602464670E-001                  8.4799959913528085E+000                  8.4800569786884115E+000                 -7.6783764446605591E+000                  2.5927021580307432E+000                  3.9326407568299384E+000                 -8.6225124161537670E-001                 -1.5013337019391395E+000 
                 3.5678515589555739E+000                  2.2444946562070562E-008                  3.1816555695349913E-002                  3.6405931501221739E-005                  3.9635330293485930E+002                  3.1705905985286310E-002                  9.9999190952929107E-001                  8.5147220749460892E+000                  8.5147584638473131E+000                 -7.6488814242487617E+000                  2.5980824805344058E+000                  3.9376460323240878E+000                 -8.6795224860250964E-001                 -1.4973468367405653E+000 
                 3.5945211811385920E+000                  2.4082010313064800E-008                  3.2133834861732297E-002                  3.6405931501221739E-005                  4.0139441471274307E+002                  3.2024613166424694E-002                  9.9999230351489754E-001                  8.5514440066290902E+000                  8.5514765025852988E+000                 -7.6183072619561960E+000                  2.6035713239965652E+000                  3.9429037244862601E+000                 -8.7407163177107361E-001                 -1.4930374425186022E+000 
                 3.6202930206794202E+000                  2.5827379174676384E-008                  3.2465680031815665E-002                  3.6405931501221739E-005                  4.0638460932894833E+002                  3.2353103600541833E-002                  9.9999230351489754E-001                  8.5886093147269023E+000                  8.5886468199079893E+000                 -7.5879196614892406E+000                  2.6089372507978679E+000                  3.9481886468859626E+000                 -8.8035878772378251E-001                 -1.4885754958877297E+000 
                 3.6449869369904819E+000                  2.7674165999706775E-008                  3.2808980923079122E-002                  3.6405931501221739E-005                  4.1129334675447984E+002                  3.2692819175472995E-002                  9.9999230351489754E-001                  8.6258319258268141E+000                  8.6258589335125873E+000                 -7.5579254583329947E+000                  2.6141516831369769E+000                  3.9534431925070357E+000                 -8.8674617015520862E-001                 -1.4840072589878248E+000 
                 3.6686438935139947E+000                  2.9629194559117269E-008                  3.3163187335633074E-002                  3.6405931501221739E-005                  4.1613212927837168E+002                  3.3048417127840533E-002                  9.9999269750050401E-001                  8.6630087311018720E+000                  8.6630135084611801E+000                 -7.5282801542332560E+000                  2.6192312475624902E+000                  3.9586523004742054E+000                 -8.9321894045499606E-001                 -1.4793437357889814E+000 
                 3.6913423542848349E+000                  3.1711426007225822E-008                  3.3528727459943751E-002                  3.6405931501221739E-005                  4.2094448790908308E+002                  3.3412748838093656E-002                  9.9999288973378830E-001                  8.7000884039072872E+000                  8.7000884039072872E+000                 -7.4987842280724211E+000                  2.6242248258837773E+000                  3.9638096680123409E+000                 -8.9977436910013886E-001                 -1.4745829293511379E+000 
                 3.7129540445846740E+000                  3.4487565325155680E-008                  3.3920240059557911E-002                  3.6405931501221739E-005                  4.2738137784023274E+002                  3.1726012699393291E-002                  9.9903329505150740E-001                  8.7366680185588645E+000                  8.7366680185588645E+000                 -7.4623374638863638E+000                  2.6308155936673900E+000                  3.9688589759918687E+000                 -9.0633771329115842E-001                 -1.4695410828253352E+000 
                 3.7323843429440475E+000                  3.7873962885855518E-008                  3.4312356130010428E-002                  3.6405931501221739E-005                  4.3500007944160041E+002                  3.1973574628476421E-002                  9.9898689366020432E-001                  8.7706036965735930E+000                  8.7706036965735645E+000                 -7.4216592507435495E+000                  2.6384893351289316E+000                  3.9735076118229009E+000                 -9.1250804649690487E-001                 -1.4645494591770116E+000 
                 3.7498452388099093E+000                  4.1647830347195095E-008                  3.4693454395699277E-002                  3.6405931501221739E-005                  4.4300001676527705E+002                  3.2225234819468672E-002                  9.9896277406695089E-001                  8.8019226434282896E+000                  8.8027061633073842E+000                 -7.3804076183336456E+000                  2.6464037414921227E+000                  3.9777668268084736E+000                 -9.1827136559478817E-001                 -1.4597524556984414E+000 
                 3.7660892294954924E+000                  4.5855244469216284E-008                  3.5070363025562920E-002                  3.6405931501221739E-005                  4.5134282408960786E+002                  3.2491756913500890E-002                  9.9896277406695089E-001                  8.8317164085581830E+000                  8.8558476261128032E+000                 -7.3386109868469811E+000                  2.6545065407953343E+000                  3.9817913771766511E+000                 -9.2381774743464018E-001                 -1.4550597385615323E+000 
                 3.7816039075876025E+000                  5.0580889954981482E-008                  3.5447960714951883E-002                  3.6405931501221739E-005                  4.6007687866803667E+002                  3.2757999109621939E-002                  9.9896277406695089E-001                  8.8607176808173769E+000                  8.9134494601748209E+000                 -7.2960135336484466E+000                  2.6628304069547748E+000                  3.9856834531782441E+000                 -9.2927853649668490E-001                 -1.4504087442811462E+000 
                 3.7967258541751794E+000                  5.5920563413507282E-008                  3.5829443114770945E-002                  3.6405931501221739E-005                  4.6924783225190140E+002                  3.3052176791722218E-002                  9.9898689366020432E-001                  8.8894532392626253E+000                  8.9711743966143747E+000                 -7.2524284616160122E+000                  2.6714022737610459E+000                  3.9895145043134548E+000                 -9.3474921189549731E-001                 -1.4457599418774711E+000 
                 3.8117252148099712E+000                  6.2004433023665809E-008                  3.6217887070947821E-002                  3.6405931501221739E-005                  4.7893166254899398E+002                  3.3356701462390961E-002                  9.9901101325345776E-001                  8.9183728905099802E+000                  9.0282512803848558E+000                 -7.2075772593905860E+000                  2.6802735482553919E+000                  3.9933438916283324E+000                 -9.4031373238873284E-001                 -1.4410768897534505E+000 
                 3.8268091402407070E+000                  6.8973656982435229E-008                  3.6616766462960242E-002                  3.6405931501221739E-005                  4.8917047651293916E+002                  3.3673459511675295E-002                  9.9903329505150740E-001                  8.9478207020049467E+000                  9.0836306412957946E+000                 -7.1613167471125818E+000                  2.6894602363601550E+000                  3.9972157320311146E+000                 -9.4603932095013310E-001                 -1.4363200098239739E+000 
                 3.8420716699239166E+000                  7.6978117071838880E-008                  3.7028931325542365E-002                  3.6405931501221739E-005                  4.9997771955331035E+002                  3.4030690832082891E-002                  9.9907691712788105E-001                  8.9779248090776580E+000                  9.1363190345705458E+000                 -7.1136327161994863E+000                  2.6989506500450124E+000                  4.0011450677384781E+000                 -9.5195444967363652E-001                 -1.4314588217371411E+000 
                 3.8574946126801302E+000                  8.6123469450525407E-008                  3.7454126551371203E-002                  3.6405931501221739E-005                  5.1128136260020381E+002                  3.4398351869291507E-002                  9.9911358470293310E-001                  9.0085765373652809E+000                  9.1853148282042110E+000                 -7.0648784831115741E+000                  2.7086599606661816E+000                  4.0051160176851548E+000                 -9.5804291237969808E-001                 -1.4265003264355234E+000 
