                           1                            2                            3                            4                            5 
              version_number                 initial_mass                    initial_z                    burn_min1                    burn_min2 
                       10398      1.0000000000000000E+000      2.0000000000000000E-002      5.0000000000000000E+001      1.0000000000000000E+003 

                                       1                                        2                                        3                                        4                                        5                                        6                                        7                                        8                                        9                                       10                                       11                                       12                                       13                                       14 
                            log_star_age                               luminosity                                   radius                                star_mass                 surface_cell_temperature                           conv_mx1_top_r                             conv_mx1_top                           center_entropy                              max_entropy                                    log_L                                 log_Teff                             log_center_T                           log_center_Rho                                    log_R 
                 2.9055085474437061E+000                  1.9311760077333354E-007                  1.0696548188273206E-001                  3.3372103876119923E-005                  3.7022271114820091E+002                  1.0559202952343100E-001                  9.9996385425022782E-001                  8.9983698712815325E+000                  8.9983709242892242E+000                 -6.7141781427385165E+000                  2.5684630565328286E+000                  4.1450585580634476E+000                 -6.4958503285988323E-001                 -9.7075634798228860E-001 
                 3.4653274576351514E+000                  1.8669039770119386E-007                  1.0570525224585184E-001                  3.3372103876119923E-005                  3.6928496843665062E+002                  1.0437699292378054E-001                  9.9996529030606662E-001                  8.9872063203699089E+000                  8.9872074423173594E+000                 -6.7288780191298159E+000                  2.5673616299854118E+000                  4.1437639626199703E+000                 -6.4699985098327428E-001                 -9.7590343308310523E-001 
                 3.7436071479886661E+000                  1.7930092146354320E-007                  1.0423884964476234E-001                  3.3372103876119923E-005                  3.6813765697983331E+002                  1.0291080147511458E-001                  9.9996529030606662E-001                  8.9738771823595549E+000                  8.9738783914019287E+000                 -6.7464174785052800E+000                  2.5660102436199885E+000                  4.1422037211562204E+000                 -6.4393829072738351E-001                 -9.8197039003999043E-001 
                 3.9255579064699577E+000                  1.7184008402047715E-007                  1.0273354092944527E-001                  3.3372103876119923E-005                  3.6690565799545618E+002                  1.0145127297949406E-001                  9.9996672636190542E-001                  8.9598073851127733E+000                  8.9598086810025368E+000                 -6.7648755236340490E+000                  2.5645544086913894E+000                  4.1405388317353635E+000                 -6.4073644084827575E-001                 -9.8828774274717635E-001 
                 4.0611333203026252E+000                  1.6452345274115779E-007                  1.0123264609562235E-001                  3.3372103876119923E-005                  3.6561674497276931E+002                  9.9994468959708982E-002                  9.9996809545008281E-001                  8.9453768993795748E+000                  8.9453782780106774E+000                 -6.7837721848260175E+000                  2.5630260775622196E+000                  4.1388119504026131E+000                 -6.3748405790026863E-001                 -9.9467941108482216E-001 
                 4.1701908268721395E+000                  1.5738343552313363E-007                  9.9745947264933285E-002                  3.3372103876119923E-005                  3.6426843872506839E+002                  9.8508627366265089E-002                  9.9996809545008281E-001                  8.9306666064944569E+000                  8.9306680608411959E+000                 -6.8030409787079540E+000                  2.5614215440076871E+000                  4.1370323261679562E+000                 -6.3420053084031469E-001                 -1.0011047409167242E+000 
                 4.2622937089094002E+000                  1.5045725427291653E-007                  9.8275747857438700E-002                  3.3372103876119923E-005                  3.6287706719032474E+002                  9.7083033666762505E-002                  9.9996946453826019E-001                  8.9156821453129798E+000                  8.9156836677892333E+000                 -6.8225868679787594E+000                  2.5597595225351752E+000                  4.1352010151589695E+000                 -6.3088761620070133E-001                 -1.0075536426071041E+000 
                 4.3427059834023209E+000                  1.4371270031640205E-007                  9.6822323785768008E-002                  3.3372103876119923E-005                  3.6142272429025462E+002                  9.5630917473026253E-002                  9.9996946453826019E-001                  8.9004096037687948E+000                  8.9004111876815006E+000                 -6.8425048502818751E+000                  2.5580154547949534E+000                  4.1333168877782880E+000                 -6.2754274578181657E-001                 -1.0140244982782181E+000 
                 4.4146086507768141E+000                  1.3719671406040057E-007                  9.5385748503700407E-002                  3.3372103876119923E-005                  3.5993460273149151E+002                  9.4237297199654541E-002                  9.9997076971417065E-001                  8.8848280333828384E+000                  8.8848296725391869E+000                 -6.8626562901053987E+000                  2.5562235996925229E+000                  4.1313777795635476E+000                 -6.2416206196729573E-001                 -1.0205165079851186E+000 
                 4.4800729986705052E+000                  1.3084465856865801E-007                  9.3965864098700919E-002                  3.3372103876119923E-005                  3.5837141565302153E+002                  9.2819100081148007E-002                  9.9997076971417065E-001                  8.8689211636293752E+000                  8.8689228536898437E+000                 -6.8832440017325904E+000                  2.5543333618766182E+000                  4.1293816284947731E+000                 -6.2074315580955342E-001                 -1.0270298881669040E+000 
                 4.5405120934687453E+000                  1.2465819843781506E-007                  9.2563151293653056E-002                  3.3372103876119923E-005                  3.5673076432345169E+002                  9.1418486029773455E-002                  9.9997076971417065E-001                  8.8526811426800709E+000                  8.8526828804930666E+000                 -6.9042791538291421E+000                  2.5523405639376984E+000                  4.1273267017199968E+000                 -6.1728600565408809E-001                 -1.0335618683373413E+000 
                 4.5969530500009599E+000                  1.1865164481712702E-007                  9.1177667247334601E-002                  3.3372103876119923E-005                  3.5502065510552791E+002                  9.0035458955156258E-002                  9.9997076971417065E-001                  8.8361014235808177E+000                  8.8361032068328278E+000                 -6.9257262369658097E+000                  2.5502536206264126E+000                  4.1252105490270496E+000                 -6.1379158861400973E-001                 -1.0401115232831029E+000 
                 4.6501658536445154E+000                  1.1285422222333729E-007                  8.9808844750777370E-002                  3.3372103876119923E-005                  3.5326394678508001E+002                  8.8749484875666959E-002                  9.9997331907383524E-001                  8.8191745515261548E+000                  8.8191763781661177E+000                 -6.9474821879907882E+000                  2.5480993162730257E+000                  4.1230297587261644E+000                 -6.1026146869736597E-001                 -1.0466808900888183E+000 
                 4.7007300922169915E+000                  1.0721647285428901E-007                  8.8456380875937990E-002                  3.3372103876119923E-005                  3.5142302630413320E+002                  8.7399436495102636E-002                  9.9997331907383524E-001                  8.8019075760834848E+000                  8.8019094445999659E+000                 -6.9697384840451955E+000                  2.5458302139270419E+000                  4.1207826846945732E+000                 -6.0669990800953510E-001                 -1.0532708334240546E+000 
                 4.7490914338394212E+000                  1.0177106400877402E-007                  8.7120239008848577E-002                  3.3372103876119923E-005                  3.4952316823871297E+002                  8.6105305525305889E-002                  9.9997456325758938E-001                  8.7843046178909781E+000                  8.7843066045821878E+000                 -6.9923756849429122E+000                  2.5434759678862298E+000                  4.1184680827199749E+000                 -6.0311007326162780E-001                 -1.0598809417912887E+000 
                 4.7956043128510117E+000                  9.6479681501395021E-008                  8.5800442206602420E-002                  3.3372103876119923E-005                  3.4753105673941985E+002                  8.4788176385669808E-002                  9.9997456325758938E-001                  8.7663626314467500E+000                  8.7663648284539040E+000                 -7.0155641388939625E+000                  2.5409936204211716E+000                  4.1160851745230440E+000                 -5.9949225117147442E-001                 -1.0665104738366977E+000 
                 4.8405644802203263E+000                  9.1370374962813640E-008                  8.4497020474019927E-002                  3.3372103876119923E-005                  3.4546978758062789E+002                  8.3525102470120585E-002                  9.9997574923983878E-001                  8.7480642110394609E+000                  8.7480665979838417E+000                 -7.0391945928408104E+000                  2.5384100724318319E+000                  4.1136321741170079E+000                 -5.9584207591020821E-001                 -1.0731586048314421E+000 
                 4.8842263507782810E+000                  8.6420282056729429E-008                  8.3209639251212844E-002                  3.3372103876119923E-005                  3.4331795665273415E+002                  8.2240592232865339E-002                  9.9997574923983878E-001                  8.7293853023696428E+000                  8.7293878617328371E+000                 -7.0633843205811262E+000                  2.5356965184986091E+000                  4.1111063630851099E+000                 -5.9215301478403481E-001                 -1.0798263608351548E+000 
                 4.9267955813673874E+000                  8.1635117194962279E-008                  8.1938438391512214E-002                  3.3372103876119923E-005                  3.4107888339642670E+002                  8.0972549273122182E-002                  9.9997574923983878E-001                  8.7103083694288941E+000                  8.7103110862997557E+000                 -7.0881229794422644E+000                  2.5328548319780526E+000                  4.1085052759052072E+000                 -5.8841936323236155E-001                 -1.0865123172246112E+000 
                 4.9684438542138656E+000                  7.7026176796023916E-008                  8.0683418036287619E-002                  3.3372103876119923E-005                  3.3876369426366819E+002                  7.9757915194819243E-002                  9.9997693522208841E-001                  8.6908177497330001E+000                  8.6908206115781095E+000                 -7.1133616578650889E+000                  2.5298968596660822E+000                  4.1058256190319957E+000                 -5.8463600285659900E-001                 -1.0932157118120824E+000 
                 5.0093023917314650E+000                  7.2572733093913489E-008                  7.9445227332654841E-002                  3.3372103876119923E-005                  3.3634802549072674E+002                  7.8523100370497936E-002                  9.9997693522208853E-001                  8.6709187973399651E+000                  8.6709217944538945E+000                 -7.1392265210516497E+000                  2.5267888819075650E+000                  4.1030658340194632E+000                 -5.8080323410649060E-001                 -1.0999321878883281E+000 
                 5.0495035845175096E+000                  6.8295149995081933E-008                  7.8223749649154656E-002                  3.3372103876119923E-005                  3.3385475771623135E+002                  7.7340415167983706E-002                  9.9997806566953029E-001                  8.6506141151895584E+000                  8.6506172375377357E+000                 -7.1656101368040055E+000                  2.5235575690322238E+000                  4.1002236492877735E+000                 -5.7692414427871153E-001                 -1.1066613700138233E+000 
                 5.0891695145372067E+000                  6.4176863548252807E-008                  7.7018488933166110E-002                  3.3372103876119923E-005                  3.3126575627798871E+002                  7.6138775761596666E-002                  9.9997806566953040E-001                  8.6299029565665606E+000                  8.6299061929462990E+000                 -7.1926215115622867E+000                  2.5201765434781902E+000                  4.0972969482483208E+000                 -5.7300478387644505E-001                 -1.1134050062848968E+000 
                 5.1283871289868443E+000                  6.0229022091616079E-008                  7.5829695890257148E-002                  3.3372103876119923E-005                  3.2859519971241440E+002                  7.4979709219745963E-002                  9.9997890025840552E-001                  8.6087884378060213E+000                  8.6087917747298128E+000                 -7.2201941881935694E+000                  2.5166612140368620E+000                  4.0942852571246640E+000                 -5.6905170911990055E-001                 -1.1201606857178821E+000 
                 5.1672482729843416E+000                  5.6439103958980616E-008                  7.4657219522626508E-002                  3.3372103876119923E-005                  3.2582810368664019E+002                  7.3811284955507372E-002                  9.9997890025840552E-001                  8.5872600867202831E+000                  8.5872635110143616E+000                 -7.2484198898283791E+000                  2.5129885400921212E+000                  4.0911868364177888E+000                 -5.6506439566074440E-001                 -1.1269281886458051E+000 
                 5.2058355931241067E+000                  5.2813475562420600E-008                  7.3501103170920651E-002                  3.3372103876119923E-005                  3.2297482935494730E+002                  7.2685145802174542E-002                  9.9997973484728053E-001                  8.5653036102849303E+000                  8.5653071093053477E+000                 -7.2772552514110762E+000                  2.5091686766651335E+000                  4.0879993979561364E+000                 -5.6103578922954866E-001                 -1.1337061425831787E+000 
                 5.2442171337460515E+000                  4.9349904299361016E-008                  7.2361581047842155E-002                  3.3372103876119923E-005                  3.2003462963743078E+002                  7.1550188842678566E-002                  9.9997973484728031E-001                  8.5429060135401755E+000                  8.5429095759825842E+000                 -7.3067136851888677E+000                  2.5051969732743173E+000                  4.0847202726167184E+000                 -5.5695421542932400E-001                 -1.1404919526904420E+000 
                 5.2824258209725832E+000                  4.6049242340813568E-008                  7.1239635602297818E-002                  3.3372103876119923E-005                  3.1701090113682238E+002                  7.0449533610881909E-002                  9.9998027357758845E-001                  8.5200735056717267E+000                  8.5200774035035476E+000                 -7.3367775109592221E+000                  2.5010741958174347E+000                  4.0813487918060947E+000                 -5.5281520267194650E-001                 -1.1472783106618543E+000 
                 5.3204716284142739E+000                  4.2918838361427572E-008                  7.0136430252789789E-002                  3.3372103876119923E-005                  3.1392042955392390E+002                  6.9367812555295699E-002                  9.9998081230789659E-001                  8.4968275773220299E+000                  8.4968318997518804E+000                 -7.3673520411340734E+000                  2.4968195790731613E+000                  4.0778864469728511E+000                 -5.4863029145571429E-001                 -1.1540563422607326E+000 
                 5.3584255134638221E+000                  3.9938454855478828E-008                  6.9051158743596408E-002                  3.3372103876119923E-005                  3.1073612702386254E+002                  6.8288157743008504E-002                  9.9998081230789648E-001                  8.4731595701046789E+000                  8.4731642781818568E+000                 -7.3986087411858943E+000                  2.4923917475063493E+000                  4.0743304312326485E+000                 -5.4441640978564276E-001                 -1.1608290291530188E+000 
                 5.3962894923798128E+000                  3.7119473251931929E-008                  6.7984780153191954E-002                  3.3372103876119923E-005                  3.0748506169559568E+002                  6.7259187450605468E-002                  9.9998186449226345E-001                  8.4490978321485226E+000                  8.4491028829660522E+000                 -7.4303981953142326E+000                  2.4878240206572264E+000                  4.0706841620956942E+000                 -5.4019368644890542E-001                 -1.1675883025189424E+000 
                 5.4341470287398126E+000                  3.4450891996706531E-008                  6.6935844909535192E-002                  3.3372103876119923E-005                  3.0415864316340623E+002                  6.6216536627238795E-002                  9.9998186449226345E-001                  8.4246083166451911E+000                  8.4246136684350539E+000                 -7.4627995289310318E+000                  2.4831001611346655E+000                  4.0669425027893835E+000                 -5.3595736874125899E-001                 -1.1743412502822206E+000 
                 5.4719828991055133E+000                  3.1931949271476493E-008                  6.5905994632546275E-002                  3.3372103876119923E-005                  3.0076224481767105E+002                  6.5193591987187327E-002                  9.9998186449226334E-001                  8.3997176588431302E+000                  8.3997232716264261E+000                 -7.4957745693400852E+000                  2.4782233165652161E+000                  4.0631096334558485E+000                 -5.3169960525154081E-001                 -1.1810750813478486E+000 
                 5.5098005177081193E+000                  2.9568010627968261E-008                  6.4896993198627545E-002                  3.3372103876119923E-005                  2.9731899625950177E+002                  6.4221754021069069E-002                  9.9998289140038055E-001                  8.3744577474790471E+000                  8.3744635821581905E+000                 -7.5291778943565255E+000                  2.4732226568494373E+000                  4.0591885940932722E+000                 -5.2741713082948383E-001                 -1.1877754244245109E+000 
                 5.5475610917926534E+000                  2.7351444179618641E-008                  6.3909212407047195E-002                  3.3372103876119923E-005                  2.9382771125878412E+002                  6.3255838853014348E-002                  9.9998339279768833E-001                  8.3488415288551749E+000                  8.3488475503385509E+000                 -7.5630197376054813E+000                  2.4680927510746127E+000                  4.0551778884290997E+000                 -5.2312515300711304E-001                 -1.1944365344993397E+000 
                 5.5852725596352988E+000                  2.5271695235329789E-008                  6.2943992855813272E-002                  3.3372103876119923E-005                  2.9027582553693463E+002                  6.2312439445051049E-002                  9.9998389419499611E-001                  8.3229163291495087E+000                  8.3229225026394165E+000                 -7.5973656244569998E+000                  2.4628108676388023E+000                  4.0510816812531081E+000                 -5.1885432257616948E-001                 -1.2010457110534785E+000 
                 5.6229470897776528E+000                  2.3324700914539930E-008                  6.2001654679662260E-002                  3.3372103876119923E-005                  2.8666970559873681E+002                  6.1405583465059629E-002                  9.9998487287610982E-001                  8.2967060034399580E+000                  8.2967122927557284E+000                 -7.6321839163702165E+000                  2.4573817991535241E+000                  4.0469018846696354E+000                 -5.1461863834543919E-001                 -1.2075967200395294E+000 
                 5.6605125654076573E+000                  2.1509661184335131E-008                  6.1084299433082620E-002                  3.3372103876119923E-005                  2.8302383619955890E+002                  6.0508744621453753E-002                  9.9998535071523287E-001                  8.2702769180124331E+000                  8.2702832913419968E+000                 -7.6673664304741145E+000                  2.4518230119169910E+000                  4.0426491871744661E+000                 -5.1042007465413963E-001                 -1.2140704026184128E+000 
                 5.6979342703253781E+000                  1.9819908410433565E-008                  6.0193125469832902E-002                  3.3372103876119923E-005                  2.7933887728509842E+002                  5.9637622564475953E-002                  9.9998582855435592E-001                  8.2436438257232894E+000                  8.2436506622039598E+000                 -7.7028983567596843E+000                  2.4461313819207575E+000                  4.0383303336436880E+000                 -5.0625242068509613E-001                 -1.2204531057687305E+000 
                 5.7352167280678863E+000                  1.8248567349477024E-008                  5.9328290222695555E-002                  3.3372103876119923E-005                  2.7561680693733115E+002                  5.8795137277228328E-002                  9.9998640599093469E-001                  8.2167900048359659E+000                  8.2182289430790458E+000                 -7.7387712252699377E+000                  2.4403056955990956E+000                  4.0339485731859819E+000                 -5.0212671097926220E-001                 -1.2267381673805335E+000 
                 5.7723702348255896E+000                  1.6788356540864027E-008                  5.8489592045218169E-002                  3.3372103876119923E-005                  2.7185803256969280E+002                  5.7978109549012245E-002                  9.9998698342751347E-001                  8.1896983943951547E+000                  8.1937869074378433E+000                 -7.7749918160816112E+000                  2.4343421680833917E+000                  4.0295072882193281E+000                 -4.9806286718164661E-001                 -1.2329214077549626E+000 
                 5.8094464159500170E+000                  1.5430994564227631E-008                  5.7675602335147631E-002                  3.3372103876119923E-005                  2.6805988688564287E+002                  5.7188398680603637E-002                  9.9998767196298188E-001                  8.1623187307802390E+000                  8.1698279342832620E+000                 -7.8116060817245323E+000                  2.4282318284095821E+000                  4.0250059480050027E+000                 -4.9406618989269396E-001                 -1.2390078612288036E+000 
                 5.8464416653507429E+000                  1.4172358537544920E-008                  5.6886000366714665E-002                  3.3372103876119923E-005                  2.6423311991161393E+002                  5.6412166434940722E-002                  9.9998800525965048E-001                  8.1346637813814162E+000                  8.1463335083311943E+000                 -7.8485578692581601E+000                  2.4219872510320060E+000                  4.0204506746380684E+000                 -4.9013170632941955E-001                 -1.2449946002404650E+000 
                 5.8833971701110936E+000                  1.3003528192080891E-008                  5.6119584909525677E-002                  3.3372103876119923E-005                  2.6036793328648491E+002                  5.5658703985093323E-002                  9.9998833855631897E-001                  8.1068433593016156E+000                  8.1231406629699752E+000                 -7.8859387964269878E+000                  2.4155874940726347E+000                  4.0158406088808452E+000                 -4.8624430090421394E-001                 -1.2508855499061362E+000 
                 5.9203276829147962E+000                  1.1922150823269187E-008                  5.5375577473622706E-002                  3.3372103876119923E-005                  2.5648320907506007E+002                  5.4933524281283945E-002                  9.9998888358620019E-001                  8.0790258309557483E+000                  8.1000785414350656E+000                 -7.9236453883529396E+000                  2.4090589370322211E+000                  4.0111771735353079E+000                 -4.8240282581481003E-001                 -1.2566817317882850E+000 
                 5.9572496774357173E+000                  1.0920533411378497E-008                  5.4652929122658893E-002                  3.3372103876119923E-005                  2.5257110349419446E+002                  5.4213899069202771E-002                  9.9998888358620019E-001                  8.0513899120703787E+000                  8.0767422334093109E+000                 -7.9617561480817818E+000                  2.4023836597490287E+000                  4.0064627514708873E+000                 -4.7861138701132783E-001                 -1.2623865570863217E+000 
                 5.9941801477040642E+000                  9.9973428928404311E-009                  5.3950288516912713E-002                  3.3372103876119923E-005                  2.4865871296841306E+002                  5.3530206996059107E-002                  9.9998942861608153E-001                  8.0241117502196477E+000                  8.0528451917232236E+000                 -8.0001154120315068E+000                  2.3956036794395734E+000                  4.0016993996901880E+000                 -4.7487035754836682E-001                 -1.2680062284422737E+000 
                 6.0311124802799290E+000                  9.1436714743290554E-009                  5.3267559112664759E-002                  3.3372103876119923E-005                  2.4472490891632026E+002                  5.2850842949396043E-002                  9.9998942861608153E-001                  7.9972576398748068E+000                  8.0286051751301599E+000                 -8.0388793862270749E+000                  2.3886781734196862E+000                  3.9968938399747147E+000                 -4.7117551383828832E-001                 -1.2735372035002839E+000 
                 6.0680479912126941E+000                  8.3500491705354125E-009                  5.2606167466169515E-002                  3.3372103876119923E-005                  2.4073173566631749E+002                  5.2201167246966107E-002                  9.9998974621590064E-001                  7.9706990061803689E+000                  8.0052952820787304E+000                 -8.0783109670997106E+000                  2.3815333448734970E+000                  3.9920519248939605E+000                 -4.6752130921789270E-001                 -1.2789633368442228E+000 
                 6.1049982510701852E+000                  7.6051998948742729E-009                  5.1968226836851900E-002                  3.3372103876119923E-005                  2.3661274259508380E+002                  5.1564378608945749E-002                  9.9998974621590064E-001                  7.9443005348209867E+000                  7.9844648249306989E+000                 -8.1188893664762087E+000                  2.3740381271635833E+000                  3.9871816977644996E+000                 -4.6391320826058879E-001                 -1.2842621011126438E+000 
                 6.1419756565210299E+000                  6.9176972650016133E-009                  5.1351005593533443E-002                  3.3372103876119923E-005                  2.3245844720855831E+002                  5.0939643929233586E-002                  9.9998942861608164E-001                  7.9179174697627825E+000                  7.9635873891116242E+000                 -8.1600384476723491E+000                  2.3663453299613781E+000                  3.9822899366277551E+000                 -4.6036281034784471E-001                 -1.2894510473063046E+000 
                 6.1790566515001926E+000                  6.3030613030824761E-009                  5.0745418882441454E-002                  3.3372103876119923E-005                  2.2846458205045602E+002                  5.0339125317714180E-002                  9.9998942861608164E-001                  7.8913193248881779E+000                  7.9360811503968840E+000                 -8.2004484689395962E+000                  2.3588188801015368E+000                  3.9773622661187642E+000                 -4.5686545153755481E-001                 -1.2946031582202446E+000 
                 6.2161932966895908E+000                  5.7711871656490926E-009                  5.0144969290474121E-002                  3.3372103876119923E-005                  2.2481848961437299E+002                  4.9758237474654007E-002                  9.9998974621590064E-001                  7.8644271625122828E+000                  7.8975014052964250E+000                 -8.2387348408376706E+000                  2.3518320231769336E+000                  3.9723862478451557E+000                 -4.5340242185186969E-001                 -1.2997726303200763E+000 
                 6.2530732349654272E+000                  5.3142387113830273E-009                  4.9555189818030192E-002                  3.3372103876119923E-005                  2.2153640989314255E+002                  4.9191238146228028E-002                  9.9999006381571964E-001                  7.8373621812257097E+000                  7.8524640090374147E+000                 -8.2745589413243152E+000                  2.3454451108881722E+000                  3.9673776489355101E+000                 -4.4997499000329017E-001                 -1.3049108559858760E+000 
                 6.2896343076176233E+000                  4.9120178781464105E-009                  4.8980756256964186E-002                  3.3372103876119923E-005                  2.1849004913644561E+002                  4.8647158837959240E-002                  9.9999069901535775E-001                  7.8101051726858977E+000                  7.8101180189026040E+000                 -8.3087400611734434E+000                  2.3394316597855331E+000                  3.9623253097081412E+000                 -4.4658115329303755E-001                 -1.3099745137051610E+000 
                 6.3259394794485306E+000                  4.5491643538866257E-009                  4.8423155840570969E-002                  3.3372103876119923E-005                  2.1556873970280776E+002                  4.8132227945226570E-002                  9.9999190952929073E-001                  7.7825929681884007E+000                  7.7826065709772045E+000                 -8.3420683725354774E+000                  2.3335857801285638E+000                  3.9572098075935465E+000                 -4.4322346650985955E-001                 -1.3149469100722397E+000 
                 6.3620706091535739E+000                  4.2241374913687428E-009                  4.7879774051655631E-002                  3.3372103876119923E-005                  2.1280796858244580E+002                  4.7628565677085566E-002                  9.9999308196707226E-001                  7.7547214213577575E+000                  7.7547360074235216E+000                 -8.3742619544015717E+000                  2.3279878834908838E+000                  3.9520091392670960E+000                 -4.3988496330848464E-001                 -1.3198479077299270E+000 
                 6.3980296394639069E+000                  3.9623269828094434E-009                  4.7345910180018713E-002                  3.3372103876119923E-005                  2.1060843641749838E+002                  4.7188273403417962E-002                  9.9999605775953637E-001                  7.7262502182606125E+000                  7.7262656120729778E+000                 -8.4020496880679794E+000                  2.3234757612763421E+000                  3.9466803176188088E+000                 -4.3652249664017506E-001                 -1.3247175301340472E+000 
                 6.4336973315914001E+000                  3.7161443594104973E-009                  4.6819445966361339E-002                  3.3372103876119923E-005                  2.0842001840243222E+002                  4.6668895369155722E-002                  9.9999618863320516E-001                  7.6971916694597002E+000                  7.6972079400792008E+000                 -8.4299074235057248E+000                  2.3189394272464234E+000                  3.9412262993389571E+000                 -4.3314060666543208E-001                 -1.3295737297930827E+000 
                 6.4687806914563213E+000                  3.4802574202500313E-009                  4.6305489214260476E-002                  3.3372103876119923E-005                  2.0616551562238061E+002                  4.6157524396592133E-002                  9.9999618863320516E-001                  7.6678418616207402E+000                  7.6678591004480685E+000                 -8.4583886318983996E+000                  2.3142160218252670E+000                  3.9357028464499186E+000                 -4.2979344218256976E-001                 -1.3343675231471070E+000 
                 6.5032285188162069E+000                  3.2522666898629655E-009                  4.5806403683481323E-002                  3.3372103876119923E-005                  2.0380407376154162E+002                  4.5660809921848323E-002                  9.9999618863320516E-001                  7.6383399170708719E+000                  7.6383581775519209E+000                 -8.4878138489368347E+000                  2.3092128579290940E+000                  3.9301357344641756E+000                 -4.2649834624203997E-001                 -1.3390738038739800E+000 
                 6.5370975734700227E+000                  3.0319379955455836E-009                  4.5323063112595895E-002                  3.3372103876119923E-005                  2.0132600382431662E+002                  4.5175567379536034E-002                  9.9999605775953637E-001                  7.6087741720462727E+000                  7.6087935046729971E+000                 -8.5182796844607456E+000                  2.3038998703466080E+000                  3.9245400201839011E+000                 -4.2324570335853451E-001                 -1.3436807464709617E+000 
                 6.5704937426905587E+000                  2.8185036204847098E-009                  4.4855453024140332E-002                  3.3372103876119923E-005                  1.9871307630593017E+002                  4.4705857753110943E-002                  9.9999592688586758E-001                  7.5791995372098517E+000                  7.5846726461468865E+000                 -8.5499814029741739E+000                  2.2982264438558442E+000                  3.9189248823078118E+000                 -4.2003572975550185E-001                 -1.3481847527461486E+000 
                 6.6035445905207739E+000                  2.6111915089142699E-009                  4.4403070444686200E-002                  3.3372103876119923E-005                  1.9594428505123921E+002                  4.4247483491374001E-002                  9.9999566513852989E-001                  7.5496377035120652E+000                  7.5619952221185631E+000                 -8.5831612751649242E+000                  2.2921325982620222E+000                  3.9132947603101731E+000                 -4.1688208216606920E-001                 -1.3525869976538805E+000 
                 6.6363628318521695E+000                  2.4134274563795035E-009                  4.3964825769228763E-002                  3.3372103876119923E-005                  1.9307911763568907E+002                  4.3800871771314545E-002                  9.9999530748507093E-001                  7.5200726528953439E+000                  7.5394751320559221E+000                 -8.6173657508198360E+000                  2.2857353023180518E+000                  3.9076489820514357E+000                 -4.1378925449284187E-001                 -1.3568946435933951E+000 
                 6.6690355562019770E+000                  2.2257038052173572E-009                  4.3539666931031312E-002                  3.3372103876119923E-005                  1.9013134143866358E+002                  4.3372702977820060E-002                  9.9999512865834150E-001                  7.4904936876843804E+000                  7.5160184179522425E+000                 -8.6525326316988203E+000                  2.2790537090718135E+000                  3.9019872487604808E+000                 -4.1074648880982761E-001                 -1.3611148975404104E+000 
                 6.7016345690579247E+000                  2.0502280415735629E-009                  4.3126178419915888E-002                  3.3372103876119923E-005                  1.8715846567811437E+002                  4.2956685474562661E-002                  9.9999494983161208E-001                  7.4608751263410795E+000                  7.4913148804487930E+000                 -8.6881978308032632E+000                  2.2722094728700544E+000                  3.8963065520403015E+000                 -4.0774415872756792E-001                 -1.3652590246891139E+000 
                 6.7341912948605067E+000                  1.8855370166509079E-009                  4.2724193407820958E-002                  3.3372103876119923E-005                  1.8414131963288290E+002                  4.2550160948997197E-002                  9.9999467509876139E-001                  7.4312296360973376E+000                  7.4658653791513343E+000                 -8.7245649371541845E+000                  2.2651512477362790E+000                  3.8906135234114023E+000                 -4.0479163805051371E-001                 -1.3693261275970239E+000 
                 6.7667249685017490E+000                  1.7298868068020825E-009                  4.2334061656885122E-002                  3.3372103876119923E-005                  1.8104597513490245E+002                  4.2162301108661128E-002                  9.9999467509876139E-001                  7.4015879614166478E+000                  7.4402503710882613E+000                 -8.7619823135125614E+000                  2.2577888708538998E+000                  3.8849197700612454E+000                 -4.0190719211223885E-001                 -1.3733100620114536E+000 
                 6.7992760220142276E+000                  1.5834544440190333E-009                  4.1955924242485752E-002                  3.3372103876119923E-005                  1.7788288682057691E+002                  4.1779877903029672E-002                  9.9999440036591059E-001                  7.3719651365331789E+000                  7.4148628699105634E+000                 -8.8003944267636509E+000                  2.2501341652561861E+000                  3.8792289258454864E+000                 -3.9908669254566020E-001                 -1.3772067074415713E+000 
                 6.8318888877769162E+000                  1.4461244712966592E-009                  4.1589440348351422E-002                  3.3372103876119923E-005                  1.7465832973859889E+002                  4.1412439147015791E-002                  9.9999426299948524E-001                  7.3423910394603880E+000                  7.3893746191290042E+000                 -8.8397943246965269E+000                  2.2421892989093650E+000                  3.8735437313105532E+000                 -3.9631431783603671E-001                 -1.3810169237143664E+000 
                 6.8646287709585696E+000                  1.3182065977033644E-009                  4.1233712996241484E-002                  3.3372103876119923E-005                  1.7139536391988111E+002                  4.1055909132304703E-002                  9.9999412563305989E-001                  7.3128498473176613E+000                  7.3634593140982671E+000                 -8.8800165190203835E+000                  2.2339990666056528E+000                  3.8678637074068223E+000                 -3.9359171671564791E-001                 -1.3847475562688709E+000 
                 6.8975365510489173E+000                  1.1992836926396877E-009                  4.0888089931396206E-002                  3.3372103876119923E-005                  1.6809759221156133E+002                  4.0706838949931698E-002                  9.9999385090020920E-001                  7.2833262995086798E+000                  7.3367444776416750E+000                 -8.9210780716346711E+000                  2.2255614887385700E+000                  3.8621929039583427E+000                 -3.9094057812507610E-001                 -1.3884031768418486E+000 
                 6.9306300521799358E+000                  1.0894619969738196E-009                  4.0552362508111013E-002                  3.3372103876119923E-005                  1.6478753735112457E+002                  4.0365922523746940E-002                  9.9999346643364073E-001                  7.2538372730167993E+000                  7.3092156749833324E+000                 -8.9627879143781843E+000                  2.2169243593797785E+000                  3.8565328904899356E+000                 -3.8835811768784922E-001                 -1.3919838394960231E+000 
                 6.9639327626385343E+000                  9.8836287534182326E-010                  4.0226222798953486E-002                  3.3372103876119923E-005                  1.6147448243472078E+002                  4.0042642883357377E-002                  9.9999346643364073E-001                  7.2244138985581499E+000                  7.2808558094374343E+000                 -9.0050835758326748E+000                  2.2081038969283990E+000                  3.8508810505999564E+000                 -3.8581991765761708E-001                 -1.3954907453205081E+000 
                 6.9974630506742175E+000                  8.9561606505019518E-010                  3.9909311323713496E-002                  3.3372103876119923E-005                  1.5816951195228168E+002                  3.9728735458330881E-002                  9.9999346643364084E-001                  7.1950727748722798E+000                  7.2473414519062969E+000                 -9.0478781248964051E+000                  2.1991227701772460E+000                  3.8452413124484623E+000                 -3.8332743943906494E-001                 -1.3989257663500676E+000 
                 7.0312377113049056E+000                  8.1087130294748918E-010                  3.9601071857964729E-002                  3.3372103876119923E-005                  1.5488663158756026E+002                  3.9423659969940163E-002                  9.9999346643364084E-001                  7.1657640223431889E+000                  7.1789002219107996E+000                 -9.0910480691611948E+000                  2.1900139305023028E+000                  3.8396101625035999E+000                 -3.8090014331367072E-001                 -1.4022930591325764E+000 
                 7.0651858995066439E+000                  7.3378999625334467E-010                  3.9301862985769660E-002                  3.3372103876119923E-005                  1.5164070710441661E+002                  3.9127735879742977E-002                  9.9999346643364062E-001                  7.1366241182649652E+000                  7.1369671834141242E+000                 -9.1344282132690662E+000                  2.1808157962701471E+000                  3.8340094345446536E+000                 -3.7854161245046258E-001                 -1.4055868627222010E+000 
                 7.0994133535761126E+000                  6.6363522046880689E-010                  3.9010746420181895E-002                  3.3372103876119923E-005                  1.4842930353264131E+002                  3.8839933560569445E-002                  9.9999346643364062E-001                  7.1075724830461109E+000                  7.1079838445848775E+000                 -9.1780705731459449E+000                  2.1715196449125536E+000                  3.8284138243156542E+000                 -3.7622070403963703E-001                 -1.4088157399454526E+000 
                 7.1339725389662210E+000                  6.0014750643928195E-010                  3.8726884989212972E-002                  3.3372103876119923E-005                  1.4527391538276527E+002                  3.8566276206402003E-002                  9.9999385090020920E-001                  7.0785752891876497E+000                  7.0790257338885985E+000                 -9.2217419940173908E+000                  2.1621876368421722E+000                  3.8228205171367460E+000                 -3.7393450935330874E-001                 -1.4119874342404128E+000 
                 7.1687980754576319E+000                  5.4353509063491914E-010                  3.8449828744381291E-002                  3.3372103876119923E-005                  1.4222931391704006E+002                  3.8302496652572147E-002                  9.9999440036591059E-001                  7.0495830917572953E+000                  7.0500461450741092E+000                 -9.2647724126132616E+000                  2.1529891101763905E+000                  3.8172292687869160E+000                 -3.7169985142271250E-001                 -1.4151055902067851E+000 
                 7.2039152249958498E+000                  4.9371152710179419E-010                  3.8178025297917924E-002                  3.3372103876119923E-005                  1.3934487788711317E+002                  3.8047686941307841E-002                  9.9999512865834139E-001                  7.0204970506388991E+000                  7.0209553246052154E+000                 -9.3065267328204531E+000                  2.1440910043228683E+000                  3.8116166874329851E+000                 -3.6950556076927338E-001                 -1.4181865386033359E+000 
                 7.2392322827958635E+000                  4.5067923275508796E-010                  3.7910737082185196E-002                  3.3372103876119923E-005                  1.3668321819349663E+002                  3.7796736341344506E-002                  9.9999579601219846E-001                  6.9912693382478093E+000                  6.9917119728136043E+000                 -9.3461324537055166E+000                  2.1357151906450942E+000                  3.8059645684145544E+000                 -3.6733106376149294E-001                 -1.4212377716903200E+000 
                 7.2743473926607036E+000                  4.1370961669256839E-010                  3.7649567935032741E-002                  3.3372103876119923E-005                  1.3425279282914440E+002                  3.7546676115935818E-002                  9.9999618863320483E-001                  6.9620436343096346E+000                  6.9624652268585452E+000                 -9.3833043837987695E+000                  2.1279233239671957E+000                  3.8003023281150639E+000                 -3.6518547960816244E-001                 -1.4242400033811502E+000 
                 7.3090531330813651E+000                  3.8178697821957177E-010                  3.7394810467792340E-002                  3.3372103876119923E-005                  1.3203194861704108E+002                  3.7303020961118698E-002                  9.9999658125421131E-001                  6.9328155779344582E+000                  6.9332133834119452E+000                 -9.4181788883672528E+000                  2.1206790279430940E+000                  3.7946366519867509E+000                 -3.6308034571066616E-001                 -1.4271886636171871E+000 
                 7.3440184587013251E+000                  3.5305312802436345E-010                  3.7140875431545685E-002                  3.3372103876119923E-005                  1.2991621852356940E+002                  3.7057338041405423E-002                  9.9999683681027496E-001                  6.9029432627858851E+000                  6.9033149440677413E+000                 -9.4521599363354607E+000                  2.1136633660963451E+000                  3.7888390093031452E+000                 -3.6097100523397430E-001                 -1.4301478639077936E+000 
                 7.3787513472160509E+000                  3.2722964897138970E-010                  3.6891106209144237E-002                  3.3372103876119923E-005                  1.2790329881266527E+002                  3.6812956104108487E-002                  9.9999696149266981E-001                  6.8727927861311970E+000                  6.8731363325640373E+000                 -9.4851473535297117E+000                  2.1068817408002287E+000                  3.7829733840190767E+000                 -3.5887603710399324E-001                 -1.4330783219126866E+000 
                 7.4131068327695031E+000                  3.0408233746440825E-010                  3.6646314617169377E-002                  3.3372103876119923E-005                  1.2599754086838158E+002                  3.6575762688998883E-002                  9.9999721085745952E-001                  6.8424194645013534E+000                  6.8427330018658434E+000                 -9.5170088049940329E+000                  2.1003620640772889E+000                  3.7770496438736512E+000                 -3.5679349533168342E-001                 -1.4359696941989670E+000 
                 7.4470339075857463E+000                  2.8299760773197396E-010                  3.6406493749575705E-002                  3.3372103876119923E-005                  1.2416113865713582E+002                  3.6340729012516886E-002                  9.9999733553985437E-001                  6.8118055245743410E+000                  6.8120877849224035E+000                 -9.5482172356884085E+000                  2.0939856819291869E+000                  3.7710680768159452E+000                 -3.5472709865635599E-001                 -1.4388211452499520E+000 
                 7.4804714665924488E+000                  2.6289821328437282E-010                  3.6172304678215292E-002                  3.3372103876119923E-005                  1.2228923875614933E+002                  3.6111141621983145E-002                  9.9999746022224922E-001                  6.7810685981261418E+000                  6.7813188757600091E+000                 -9.5802123654469806E+000                  2.0873882367477217E+000                  3.7650509760279109E+000                 -3.5269206378809059E-001                 -1.4416238197663072E+000 
                 7.5133984639986888E+000                  2.4373310396568315E-010                  3.5944578533056576E-002                  3.3372103876119923E-005                  1.2037640108090731E+002                  3.5885443307661115E-002                  9.9999746022224922E-001                  6.7503398009390008E+000                  6.7505576960329945E+000                 -9.6130854806911721E+000                  2.0805413502174672E+000                  3.7590195995766882E+000                 -3.5069264193081234E-001                 -1.4443666043278933E+000 
                 7.5458773434295807E+000                  2.2582612676997276E-010                  3.5723427021404713E-002                  3.3372103876119923E-005                  1.1846673300695683E+002                  3.5663921728835798E-002                  9.9999733553985437E-001                  6.7196576394337297E+000                  6.7230788960445151E+000                 -9.6462258141575976E+000                  2.0735964072005300E+000                  3.7529778177804922E+000                 -3.4872085730580293E-001                 -1.4470468850272322E+000 
                 7.5780191149335971E+000                  2.0838005681699633E-010                  3.5508330621001213E-002                  3.3372103876119923E-005                  1.1646041503729866E+002                  3.5448594288302354E-002                  9.9999721085745941E-001                  6.6889991147602794E+000                  6.7151402110014082E+000                 -9.6811438478906560E+000                  2.0661783287641993E+000                  3.7469248375308273E+000                 -3.4677857095616071E-001                 -1.4496697450211002E+000 
                 7.6098586070085110E+000                  1.9196914686634270E-010                  3.5299676882046646E-002                  3.3372103876119923E-005                  1.1443316678534777E+002                  3.5239762641288377E-002                  9.9999708617506455E-001                  6.6584251865466140E+000                  6.7090587059477675E+000                 -9.7167685651631448E+000                  2.0585519119043130E+000                  3.7408760385339828E+000                 -3.4487772175417503E-001                 -1.4522292699375710E+000 
                 7.6415097575555464E+000                  1.7682222926226085E-010                  3.5096733063971042E-002                  3.3372103876119923E-005                  1.1242950331093439E+002                  3.5036649256333895E-002                  9.9999696149266970E-001                  6.6278757366445271E+000                  6.7024838554101001E+000                 -9.7524631384231686E+000                  2.0508802873295213E+000                  3.7348150044584845E+000                 -3.4300981001100589E-001                 -1.4547333074180007E+000 
                 7.6730445896222585E+000                  1.6286621086870503E-010                  3.4898983556729886E-002                  3.3372103876119923E-005                  1.1045383058521898E+002                  3.4840607407328035E-002                  9.9999696149266970E-001                  6.5973467465916267E+000                  6.6966437302944364E+000                 -9.7881690074986363E+000                  2.0431807772579065E+000                  3.7287356158710763E+000                 -3.4116539905086102E-001                 -1.4571872218125046E+000 
                 7.7044157364370802E+000                  1.4981670830213001E-010                  3.4706672416523150E-002                  3.3372103876119923E-005                  1.0847083849159820E+002                  3.4648087515399419E-002                  9.9999683681027485E-001                  6.5669049504442141E+000                  6.6892922871580014E+000                 -9.8244397492615754E+000                  2.0353129925773521E+000                  3.7226572847775423E+000                 -3.3935237561925713E-001                 -1.4595870233328656E+000 
                 7.7356191405462651E+000                  1.3760865546461032E-010                  3.4519680974889208E-002                  3.3372103876119923E-005                  1.0647740890263157E+002                  3.4460931189963052E-002                  9.9999671212787999E-001                  6.5365593745323514E+000                  6.6831336821810972E+000                 -9.8613542484966068E+000                  2.0272574694097387E+000                  3.7165876077026763E+000                 -3.3757686572629220E-001                 -1.4619332266151546E+000 
                 7.7669196376716334E+000                  1.2714343504914144E-010                  3.4335682032445185E-002                  3.3372103876119923E-005                  1.0467189069262145E+002                  3.4276569181483391E-002                  9.9999658125421120E-001                  6.5059589176106227E+000                  6.6780398472285043E+000                 -9.8957060593619506E+000                  2.0198300641380782E+000                  3.7104469354802356E+000                 -3.3581294155057295E-001                 -1.4642543215045052E+000 
                 7.7982201292443936E+000                  1.1678110875539488E-010                  3.4155651341744447E-002                  3.3372103876119923E-005                  1.0274040793240492E+002                  3.4096340943581951E-002                  9.9999645038054241E-001                  6.4834480742681890E+000                  6.6515501913961090E+000                 -9.9326274057411457E+000                  2.0117412809597397E+000                  3.7042857157374511E+000                 -3.3406296856988293E-001                 -1.4665374283374251E+000 
                 7.8293728211889819E+000                  1.0734812772973418E-010                  3.3980644169086138E-002                  3.3372103876119923E-005                  1.0085843798568239E+002                  3.3919557625032438E-002                  9.9999618863320472E-001                  6.4724575561352236E+000                  6.6228268874592784E+000                 -9.9692055257385448E+000                  2.0037122330385859E+000                  3.6981167901296845E+000                 -3.3232595530196130E-001                 -1.4687683924938177E+000 
                 7.8604932527864007E+000                  9.8518887118460157E-011                  3.3810010866485163E-002                  3.3372103876119923E-005                  9.8966142403712340E+001                  3.3750433531867220E-002                  9.9999618863320472E-001                  6.4615030879211597E+000                  6.5942669174936102E+000                 -1.0006480502649433E+001                  1.9954866373902720E+000                  3.6919345285193228E+000                 -3.3061177530671149E-001                 -1.4709546896526342E+000 
                 7.8916366102981303E+000                  9.0225492069597416E-011                  3.3643114720499634E-002                  3.3372103876119923E-005                  9.7054044808832856E+001                  3.3583523475612290E-002                  9.9999605775953593E-001                  6.4509332004677580E+000                  6.5658301233525620E+000                 -1.0044670740717297E+001                  1.9870136347975749E+000                  3.6857142494064137E+000                 -3.2891549316642243E-001                 -1.4731038035011721E+000 
                 7.9227523474040424E+000                  8.2597853199688378E-011                  3.3480383502804939E-002                  3.3372103876119923E-005                  9.5164813555557103E+001                  3.3420817107676248E-002                  9.9999592688586714E-001                  6.4405611785814072E+000                  6.5375400523745864E+000                 -1.0083031240278228E+001                  1.9784763961574641E+000                  3.6794877712917264E+000                 -3.2723728724627837E-001                 -1.4752095760014154E+000 
                 7.9539199334198107E+000                  7.6094765917902263E-011                  3.3321506904068814E-002                  3.3372103876119923E-005                  9.3455701739069738E+001                  3.3263263471491347E-002                  9.9999592688586714E-001                  6.4289431504460923E+000                  6.5093263574519415E+000                 -1.0118645214597999E+001                  1.9706057979014600E+000                  3.6732277385206324E+000                 -3.2557008190652575E-001                 -1.4772753666492928E+000 
                 7.9853025209802562E+000                  6.9466927337600671E-011                  3.3166308216371038E-002                  3.3372103876119923E-005                  9.1564131295872315E+001                  3.3108146045141611E-002                  9.9999579601219835E-001                  6.4180677838907725E+000                  6.4809876906416184E+000                 -1.0158221910422274E+001                  1.9617253744493213E+000                  3.6669059343308064E+000                 -3.2393180553943157E-001                 -1.4793028676571527E+000 
                 8.0166804164699244E+000                  6.3266311431997093E-011                  3.3017351147375952E-002                  3.3372103876119923E-005                  8.9650236106710608E+001                  3.2959350578381202E-002                  9.9999566513852955E-001                  6.4099745570286633E+000                  6.5034699507215459E+000                 -1.0198827485146142E+001                  1.9525514326493474E+000                  3.6605877516644059E+000                 -3.2235168761464916E-001                 -1.4812577714191393E+000 
                 8.0482094806119360E+000                  5.7804955369823819E-011                  3.2872585646856911E-002                  3.3372103876119923E-005                  8.7842312043962593E+001                  3.2815988282342862E-002                  9.9999566513852955E-001                  6.3957392868862932E+000                  6.5845812477457457E+000                 -1.0238034929788416E+001                  1.9437037529961108E+000                  3.6542738965476680E+000                 -3.2077251605035589E-001                 -1.4831661344338023E+000 
                 8.0801852573129480E+000                  5.2840303746247823E-011                  3.2728031365219248E-002                  3.3372103876119923E-005                  8.6081694684300942E+001                  3.2671121026130540E-002                  9.9999548631180013E-001                  6.3735276949182982E+000                  6.4494570590286493E+000                 -1.0277034694559777E+001                  1.9349108032359930E+000                  3.6478587411446122E+000                 -3.1913137350811449E-001                 -1.4850801172992476E+000 
                 8.1123803283337264E+000                  4.8377264911031571E-011                  3.2585794098344348E-002                  3.3372103876119923E-005                  8.4387009498167586E+001                  3.2530223763418367E-002                  9.9999548631180013E-001                  6.3743758629147971E+000                  6.4383539973655122E+000                 -1.0315358688839453E+001                  1.9262755915242356E+000                  3.6413979195802937E+000                 -3.1753189845732965E-001                 -1.4869716910155713E+000 
                 8.1449624756760208E+000                  4.4187145901174333E-011                  3.2447778770782539E-002                  3.3372103876119923E-005                  8.2672472237249309E+001                  3.2393555040353177E-002                  9.9999548631180013E-001                  6.3683783057148302E+000                  6.3887532143536419E+000                 -1.0354704049114350E+001                  1.9173609197957078E+000                  3.6347910057101704E+000                 -3.1591545361614848E-001                 -1.4888150276959644E+000 
                 8.1779791095053316E+000                  4.0315730993451418E-011                  3.2316561199419669E-002                  3.3372103876119923E-005                  8.0962794056761012E+001                  3.2263667548071188E-002                  9.9999548631180013E-001                  6.3365095103972697E+000                  6.3367412406711923E+000                 -1.0394525461288312E+001                  1.9082854822300124E+000                  3.6280591457227498E+000                 -3.1441253654690110E-001                 -1.4905748586515539E+000 
                 8.2112869682455365E+000                  3.6751948694500560E-011                  3.2185855163145156E-002                  3.3372103876119923E-005                  7.9271484286172182E+001                  3.2134263860382282E-002                  9.9999548631180013E-001                  6.3052464924830867E+000                  6.3052464924830867E+000                 -1.0434719628421112E+001                  1.8991169848110807E+000                  3.6214281710438718E+000                 -3.1289875774159415E-001                 -1.4923349473800900E+000 
                 8.2447485631853041E+000                  3.3687422410193683E-011                  3.2055942779444409E-002                  3.3372103876119923E-005                  7.7721664320171442E+001                  3.2005539667091631E-002                  9.9999548631180013E-001                  6.2733423834114870E+000                  6.2734393914187638E+000                 -1.0472532217747139E+001                  1.8905420866894127E+000                  3.6146820123571444E+000                 -3.1135582410989587E-001                 -1.4940914457997676E+000 
                 8.2781698290446464E+000                  3.0518854377165530E-011                  3.1928887613392035E-002                  3.3372103876119923E-005                  7.5976553017618841E+001                  3.1878428810337867E-002                  9.9999530748507071E-001                  6.2414157701047097E+000                  6.2420807221629930E+000                 -1.0515431773043945E+001                  1.8806795808659937E+000                  3.6079115226616185E+000                 -3.0983327420075474E-001                 -1.4958162118013325E+000 
                 8.3110736077915757E+000                  2.7585760153499515E-011                  3.1809766940207394E-002                  3.3372103876119923E-005                  7.4219909281719296E+001                  3.1759298141418382E-002                  9.9999530748507071E-001                  6.2108897390873734E+000                  6.2116684203340213E+000                 -1.0559315044117998E+001                  1.8705204136043496E+000                  3.6013963156103292E+000                 -3.0838821672899319E-001                 -1.4974395128150719E+000 
                 8.3434764292434860E+000                  2.4852600673059172E-011                  3.1696162448631542E-002                  3.3372103876119923E-005                  7.2438432255536057E+001                  3.1643509768815394E-002                  9.9999503924497657E-001                  6.1814221013030703E+000                  6.1822475803325725E+000                 -1.0604628158284317E+001                  1.8599690366358081E+000                  3.5951223924062545E+000                 -3.0701731411962813E-001                 -1.4989933159611477E+000 
                 8.3757236160667698E+000                  2.2324401031531935E-011                  3.1586921102571920E-002                  3.3372103876119923E-005                  7.0643259673830954E+001                  3.1532436603242286E-002                  9.9999481246518651E-001                  6.1527616732219608E+000                  6.1536060087739948E+000                 -1.0651220184497204E+001                  1.8490707242860271E+000                  3.5889758021581715E+000                 -3.0569844029013193E-001                 -1.5004927043680294E+000 
                 8.4080292797804024E+000                  2.0023740630960181E-011                  3.1481475835691164E-002                  3.3372103876119923E-005                  6.8863356316180472E+001                  3.1423924467201575E-002                  9.9999440036591047E-001                  6.1247401971256767E+000                  6.1261744463571368E+000                 -1.0698454788812951E+001                  1.8379881791879327E+000                  3.5829243280194607E+000                 -3.0442691091138441E-001                 -1.5019449163297141E+000 
                 8.4405388494431914E+000                  1.7965385628663413E-011                  3.1378585605312127E-002                  3.3372103876119923E-005                  6.7130808760865420E+001                  3.1319020215429906E-002                  9.9999412563305989E-001                  6.0970285676109004E+000                  6.0990507180953673E+000                 -1.0745563456188075E+001                  1.8269218722793297E+000                  3.5769271574994987E+000                 -3.0319681456741987E-001                 -1.5033666362000695E+000 
                 8.4732695706819481E+000                  1.5926200432180884E-011                  3.1279237231568599E-002                  3.3372103876119923E-005                  6.5242319561588872E+001                  3.1216505534446787E-002                  9.9999365866692491E-001                  6.0702069952843045E+000                  6.0720907268801882E+000                 -1.0797887822953452E+001                  1.8145293855331719E+000                  3.5710432936324517E+000                 -3.0201820323335832E-001                 -1.5047438460904434E+000 
                 8.5061402415758955E+000                  1.4381811398210673E-011                  3.1183945433958273E-002                  3.3372103876119923E-005                  6.3696752763777567E+001                  3.1119327081955556E-002                  9.9999337031699853E-001                  6.0440990345459449E+000                  6.0456954577885176E+000                 -1.0842186410844379E+001                  1.8041172845949593E+000                  3.5652470564501280E+000                 -3.0088706996330672E-001                 -1.5060689381594821E+000 
                 8.5399966864511327E+000                  1.2744372777480908E-011                  3.1090690490259091E-002                  3.3372103876119923E-005                  6.1893331517363883E+001                  3.1023141832622038E-002                  9.9999288973378797E-001                  6.0177852123026083E+000                  6.0194777025353927E+000                 -1.0894681533751559E+001                  1.7916438511103567E+000                  3.5593808947890384E+000                 -2.9977917015781902E-001                 -1.5073696326438668E+000 
                 8.5741191407690742E+000                  1.1386567778350808E-011                  3.1001533097343111E-002                  3.3372103876119923E-005                  6.0260960646523465E+001                  3.0931771951068370E-002                  9.9999250526721928E-001                  5.9919836163955216E+000                  5.9938203577118996E+000                 -1.0943607164380364E+001                  1.7800360415164573E+000                  3.5535794354724244E+000                 -2.9871896975326495E-001                 -1.5086168287704691E+000 
                 8.6094799828032098E+000                  1.0116590883777847E-011                  3.0913039815953957E-002                  3.3372103876119923E-005                  5.8589139317565419E+001                  3.0841142014635059E-002                  9.9999211128161292E-001                  5.9660738740245431E+000                  5.9679110734452880E+000                 -1.0994965812574979E+001                  1.7678171084521885E+000                  3.5476653079135558E+000                 -2.9767306167483626E-001                 -1.5098582867392398E+000 
                 8.6454289262674067E+000                  9.1212671296199317E-012                  3.0827289021159922E-002                  3.3372103876119923E-005                  5.7170969261654037E+001                  3.0752345658416651E-002                  9.9999150602464648E-001                  5.9403719054865896E+000                  5.9421766978717931E+000                 -1.1039944825139173E+001                  1.7571755448575144E+000                  3.5417339343044931E+000                 -2.9666390144221561E-001                 -1.5110646658319886E+000 
                 8.6826276154138462E+000                  8.0548739392373057E-012                  3.0742638640248746E-002                  3.3372103876119923E-005                  5.5497516175428906E+001                  3.0665817511834451E-002                  9.9999110252000223E-001                  5.9146093339150214E+000                  5.9164912545739936E+000                 -1.1093941252007273E+001                  1.7442735350980638E+000                  3.5357294470495138E+000                 -2.9568349161175228E-001                 -1.5122588597471374E+000 
                 8.7202883150775161E+000                  7.1977885865434320E-012                  3.0660834415327992E-002                  3.3372103876119923E-005                  5.4030279818914963E+001                  3.0580843362197338E-002                  9.9999038141553886E-001                  5.8893792271920500E+000                  5.8911017609764809E+000                 -1.1142800913593913E+001                  1.7326372049626311E+000                  3.5297586718737159E+000                 -2.9474604923958064E-001                 -1.5134160302695914E+000 
                 8.7590476003522895E+000                  6.3956727388114491E-012                  3.0580501503104880E-002                  3.3372103876119923E-005                  5.2526527120827751E+001                  3.0499305878412659E-002                  9.9999006381572009E-001                  5.8641373895327389E+000                  5.8657250137491710E+000                 -1.1194113766840209E+001                  1.7203786748557233E+000                  3.5237220303920540E+000                 -2.9383637203325519E-001                 -1.5145553966789242E+000 
                 8.7985165273727777E+000                  5.7091707894666191E-012                  3.0502462882520714E-002                  3.3372103876119923E-005                  5.1121694036914832E+001                  3.0418851252320567E-002                  9.9998942861608220E-001                  5.8390518768537989E+000                  5.8406495283952768E+000                 -1.1243426964908281E+001                  1.7086052233405267E+000                  3.5176742386019719E+000                 -2.9295754633617865E-001                 -1.5156650926825663E+000 
                 8.8389730501356336E+000                  5.0812586748690120E-012                  3.0426188011888625E-002                  3.3372103876119923E-005                  4.9716264084776661E+001                  3.0340705466705215E-002                  9.9998888358620097E-001                  5.8141001790276938E+000                  5.8156683580938360E+000                 -1.1294028695621359E+001                  1.6964984720377980E+000                  3.5116015561056289E+000                 -2.9209825541594647E-001                 -1.5167524554336482E+000 
                 8.8803367489744787E+000                  4.5126104815593463E-012                  3.0351908781624706E-002                  3.3372103876119923E-005                  4.8321832007610247E+001                  3.0263500719162988E-002                  9.9998800525965148E-001                  5.7893093290917479E+000                  5.7909384101135490E+000                 -1.1345572152190060E+001                  1.6841433760108890E+000                  3.5055322034234346E+000                 -2.9126156750409071E-001                 -1.5178139916641820E+000 
                 8.9228018384225063E+000                  4.0724467361667781E-012                  3.0278662567757346E-002                  3.3372103876119923E-005                  4.7154695354712061E+001                  3.0189428539464193E-002                  9.9998767196298310E-001                  5.7643631078720672E+000                  5.7660408967103569E+000                 -1.1390144587152079E+001                  1.6735249273761712E+000                  3.4993749632015190E+000                 -2.9043361544053820E-001                 -1.5188633118757555E+000 
                 8.9666788787106100E+000                  3.6048179609819855E-012                  3.0206638122692617E-002                  3.3372103876119923E-005                  4.5792997627670303E+001                  3.0114572228247396E-002                  9.9998669470922552E-001                  5.7395681940278767E+000                  5.7412302578727195E+000                 -1.1443116661745428E+001                  1.6607990564229118E+000                  3.4932176971017745E+000                 -2.8961877149567689E-001                 -1.5198976072659109E+000 
                 9.0110347740925025E+000                  3.2490922897785085E-012                  3.0137165758842101E-002                  3.3372103876119923E-005                  4.4670287213696206E+001                  3.0043715847804315E-002                  9.9998611727264719E-001                  5.7150196217635925E+000                  5.7167471448433389E+000                 -1.1488237952437013E+001                  1.6500187267178836E+000                  3.4871201822741322E+000                 -2.8881872380185425E-001                 -1.5208975932016471E+000 
                 9.0573702137686887E+000                  2.8695252426681121E-012                  3.0067731375707278E-002                  3.3372103876119923E-005                  4.3354244164793762E+001                  2.9972531613379420E-002                  9.9998535071523487E-001                  5.6903369802524582E+000                  5.6920451289886289E+000                 -1.1542189950494214E+001                  1.6370315997945986E+000                  3.4809819945846505E+000                 -2.8801681472002405E-001                 -1.5218993383836770E+000 
                 9.1039011138397186E+000                  2.5984384664029648E-012                  3.0001650692411234E-002                  3.3372103876119923E-005                  4.2338451772698932E+001                  2.9904225262482789E-002                  9.9998438353555452E-001                  5.6665316903636427E+000                  5.6679880836358443E+000                 -1.1585287563242915E+001                  1.6267349522743602E+000                  3.4750672140510201E+000                 -2.8724033060843918E-001                 -1.5228548497175511E+000 
                 9.1529586552642446E+000                  2.3921188118736835E-012                  2.9932378026487180E-002                  3.3372103876119923E-005                  4.1519729507589162E+001                  2.9835830634586114E-002                  9.9998438353555463E-001                  5.6412545069478082E+000                  5.6425311802266975E+000                 -1.1621217253588441E+001                  1.6182544941078161E+000                  3.4688124555565989E+000                 -2.8641233260147886E-001                 -1.5238587785572253E+000 
                 9.2028252931742820E+000                  2.2474281922632372E-012                  2.9861732166953651E-002                  3.3372103876119923E-005                  4.0925443887001649E+001                  2.9765995181581427E-002                  9.9998438353555474E-001                  5.6145641779455229E+000                  5.6160450675499156E+000                 -1.1648314175546696E+001                  1.6119933763837315E+000                  3.4622116246613817E+000                 -2.8553194211158184E-001                 -1.5248850040881838E+000 
                 9.2532733176738695E+000                  2.1076226647862947E-012                  2.9789327572707584E-002                  3.3372103876119923E-005                  4.0322486606799494E+001                  2.9692564585155817E-002                  9.9998364349634394E-001                  5.5866273635830703E+000                  5.5883886245572789E+000                 -1.1676207139792409E+001                  1.6055472832275630E+000                  3.4552989551153397E+000                 -2.8459545470560138E-001                 -1.5259392998987036E+000 
                 9.3028322402335064E+000                  1.9685675940153610E-012                  2.9717511071135145E-002                  3.3372103876119923E-005                  3.9688145711631975E+001                  2.9619901047377280E-002                  9.9998289140038255E-001                  5.5585099304782490E+000                  5.5605013870481974E+000                 -1.1705849668400351E+001                  1.5986607845398308E+000                  3.4483954899118570E+000                 -2.8363656664914522E-001                 -1.5269875668272106E+000 
                 9.3508175039796981E+000                  1.8495097077891148E-012                  2.9648111493430673E-002                  3.3372103876119923E-005                  3.9119660693368850E+001                  2.9549095846447722E-002                  9.9998186449226545E-001                  5.5308835698621737E+000                  5.5328838369522186E+000                 -1.1732943384798341E+001                  1.5923950544430769E+000                  3.4416482426103281E+000                 -2.8268091662365452E-001                 -1.5280029648326969E+000 
                 9.3982595902451855E+000                  1.7307754402827045E-012                  2.9579740370138767E-002                  3.3372103876119923E-005                  3.8520547046844314E+001                  2.9479511207488564E-002                  9.9998081230789859E-001                  5.5035445247881016E+000                  5.5052752751501650E+000                 -1.1761759276071750E+001                  1.5856924203331610E+000                  3.4349883748748935E+000                 -2.8172558448145663E-001                 -1.5290056422495697E+000 
                 9.4449591216760584E+000                  1.6324931203052539E-012                  2.9513216088829359E-002                  3.3372103876119923E-005                  3.8004411862099502E+001                  2.9411781973274761E-002                  9.9997973484728209E-001                  5.4759581780799280E+000                  5.4777171816753727E+000                 -1.1787148640264073E+001                  1.5798339893383477E+000                  3.4283095591848038E+000                 -2.8076130368258706E-001                 -1.5299834623561053E+000 
                 9.4915540407548189E+000                  1.5331538160847317E-012                  2.9447803226972290E-002                  3.3372103876119923E-005                  3.7454105261821745E+001                  2.9344277122354930E-002                  9.9997806566953196E-001                  5.4483514685934722E+000                  5.4501580943200238E+000                 -1.1814414271678087E+001                  1.5734993990811978E+000                  3.4216358799981874E+000                 -2.7979540391644903E-001                 -1.5309470975488129E+000 
                 9.5375841523636602E+000                  1.4380609936849849E-012                  2.9384983531301197E-002                  3.3372103876119923E-005                  3.6898698482332954E+001                  2.9280610409348175E-002                  9.9997693522209008E-001                  5.4218646104731656E+000                  5.4232286777592371E+000                 -1.1842222693467004E+001                  1.5670110190336393E+000                  3.4151959723027097E+000                 -2.7886040219570246E-001                 -1.5318745483481535E+000 
                 9.5836969229333455E+000                  1.3521920925358151E-012                  2.9324278999893087E-002                  3.3372103876119923E-005                  3.6372686085293061E+001                  2.9219061641109833E-002                  9.9997574923984067E-001                  5.3950809134850823E+000                  5.3967303759722913E+000                 -1.1868961608096766E+001                  1.5607753447719752E+000                  3.4087505327855125E+000                 -2.7793051980322209E-001                 -1.5327726571397065E+000 
                 9.6305512048249255E+000                  1.2756817161987559E-012                  2.9264740775535415E-002                  3.3372103876119923E-005                  3.5883325970382238E+001                  2.9159123441431501E-002                  9.9997456325759126E-001                  5.3681310777830333E+000                  5.3703829329539330E+000                 -1.1894257668985738E+001                  1.5548926602171600E+000                  3.4023004789360209E+000                 -2.7700725105898016E-001                 -1.5336553184745623E+000 
                 9.6784811648424398E+000                  1.2038730103587763E-012                  2.9206457982067186E-002                  3.3372103876119923E-005                  3.5402601163836479E+001                  2.9099709915946823E-002                  9.9997268173392084E-001                  5.3422442198586744E+000                  5.3440155341530993E+000                 -1.1919419321889752E+001                  1.5490351422372610E+000                  3.3960419195008784E+000                 -2.7611658642077702E-001                 -1.5345211089667705E+000 
                 9.6989700043360187E+000                  1.1695790635758401E-012                  2.9182205799438081E-002                  3.3372103876119923E-005                  3.5162341452048835E+001                  2.9076320619458761E-002                  9.9997268173392073E-001                  5.3315572955902919E+000                  5.3331795642483621E+000                 -1.1931970414543930E+001                  1.5460777566526311E+000                  3.3934669445905290E+000                 -2.7575236978434209E-001                 -1.5348818841246008E+000 
