                           1                            2                            3                            4                            5 
              version_number                 initial_mass                    initial_z                    burn_min1                    burn_min2 
                       10398      1.0000000000000000E+000      2.0000000000000000E-002      5.0000000000000000E+001      1.0000000000000000E+003 

                                       1                                        2                                        3                                        4                                        5                                        6                                        7                                        8                                        9                                       10                                       11                                       12                                       13                                       14 
                            log_star_age                               luminosity                                   radius                                star_mass                 surface_cell_temperature                           conv_mx1_top_r                             conv_mx1_top                           center_entropy                              max_entropy                                    log_L                                 log_Teff                             log_center_T                           log_center_Rho                                    log_R 
                 3.0564950491902430E+000                  1.2415706695090485E-007                  1.4074941374673078E-001                  9.0133452877088572E-005                  2.8900088434863909E+002                  8.8627219335181556E-002                  9.3471500892739900E-001                  8.4357389777169605E+000                  8.4612873073652040E+000                 -6.9060285556065297E+000                  2.4608989820286733E+000                  4.2320742264826459E+000                 -2.2028713399419378E-001                 -8.5155340540798430E-001 
                 3.1267729575604202E+000                  1.2471631474238991E-007                  1.4075196160124992E-001                  9.0133452877088572E-005                  2.8932303382590794E+002                  8.8624234568472696E-002                  9.3471500892739900E-001                  8.4357087890670854E+000                  8.4574730787052061E+000                 -6.9040767306502815E+000                  2.4613830074906402E+000                  4.2320693079469125E+000                 -2.2028359098022199E-001                 -8.5154554385379455E-001 
                 3.2114011581964026E+000                  1.2328079633274430E-007                  1.4060550221979068E-001                  9.0133452877088572E-005                  2.8863707908213064E+002                  8.8619608981520437E-002                  9.3471500892739900E-001                  8.4356783122608494E+000                  8.4574731260066951E+000                 -6.9091045689538184E+000                  2.4603521180039301E+000                  4.2320650178499450E+000                 -2.2027879142522391E-001                 -8.5199768403214271E-001 
                 3.3010299956639808E+000                  1.2157334416913072E-007                  1.4042767235758530E-001                  9.0133452877088572E-005                  2.8781449573585530E+002                  8.8613733730008970E-002                  9.3471500892739900E-001                  8.4356476357516232E+000                  8.4574731855495049E+000                 -6.9151616368172117E+000                  2.4591126603672553E+000                  4.2320612133297733E+000                 -2.2027303042284618E-001                 -8.5254730269048984E-001 
