                           1                            2                            3                            4                            5 
              version_number                 initial_mass                    initial_z                    burn_min1                    burn_min2 
                       10398      1.0000000000000000E+000      2.0000000000000000E-002      5.0000000000000000E+001      1.0000000000000000E+003 

                                       1                                        2                                        3                                        4                                        5                                        6                                        7                                        8                                        9                                       10                                       11                                       12                                       13                                       14 
                            log_star_age                               luminosity                                   radius                                star_mass                 surface_cell_temperature                           conv_mx1_top_r                             conv_mx1_top                           center_entropy                              max_entropy                                    log_L                                 log_Teff                             log_center_T                           log_center_Rho                                    log_R 
                 3.4981789125485649E+000                  1.5961240583440328E-008                  3.0941805452574793E-002                  3.0338276251018114E-005                  3.6908338058121160E+002                  2.1996212340317081E-002                  8.1858391651263518E-001                  8.3876344769128170E+000                  8.3876344769128170E+000                 -7.7969333562432013E+000                  2.5671232535850974E+000                  3.9003949008008023E+000                 -8.9937074882131485E-001                 -1.5094543488391694E+000 
                 3.5277733988419957E+000                  1.7669418006018823E-008                  3.1351803555780537E-002                  3.0338276251018114E-005                  3.7610033103304949E+002                  3.1209120528086810E-002                  9.9998698342751391E-001                  8.4335504394368108E+000                  8.4335504394368108E+000                 -7.7527777550171244E+000                  2.5753037148345435E+000                  3.9068627094428425E+000                 -9.0702634107136693E-001                 -1.5037374707250224E+000 
                 3.5513605622060189E+000                  1.9184861572647117E-008                  3.1707530024444944E-002                  3.0338276251018114E-005                  3.8175776581526463E+002                  3.1567765034494939E-002                  9.9998767196298222E-001                  8.4719406814062737E+000                  8.4719406814062737E+000                 -7.7170413300831981E+000                  2.5817878795222082E+000                  3.9122228374332573E+000                 -9.1352949841193054E-001                 -1.4988375876333893E+000 
                 3.5730423535026588E+000                  2.0716102446253079E-008                  3.2059278977802960E-002                  3.0338276251018114E-005                  3.8701656695532699E+002                  3.1922553380076012E-002                  9.9998833855631941E-001                  8.5086098900427238E+000                  8.5086098900427540E+000                 -7.6836919499551479E+000                  2.5877295553760420E+000                  3.9173066105402805E+000                 -9.1983367670509086E-001                 -1.4940462492770310E+000 
                 3.5937032280506958E+000                  2.2306948217123690E-008                  3.2418645233336221E-002                  3.0338276251018114E-005                  3.9205051428182463E+002                  3.2278527619394141E-002                  9.9998833855631941E-001                  8.5447866761699274E+000                  8.5447866761699576E+000                 -7.6515598408824639E+000                  2.5933420270859706E+000                  3.9222892226763082E+000                 -9.2614710793516208E-001                 -1.4892051381605462E+000 
                 3.6135850588071570E+000                  2.3980745833890059E-008                  3.2788776457292973E-002                  3.0338276251018114E-005                  3.9694696442432235E+002                  3.2651889497219179E-002                  9.9998900514965661E-001                  8.5807930049196450E+000                  8.5807930049196131E+000                 -7.6201373138766284E+000                  2.5987324843160438E+000                  3.9272105471142837E+000                 -9.3251932567441820E-001                 -1.4842747891177750E+000 
                 3.6327722176094590E+000                  2.5739038872385294E-008                  3.3170363399089672E-002                  3.0338276251018114E-005                  4.0170051240962903E+002                  3.3029773694595296E-002                  9.9998900514965661E-001                  8.6166977675136227E+000                  8.6166977675136227E+000                 -7.5894076742231125E+000                  2.6039023849334826E+000                  3.9320766770482178E+000                 -9.3895731800670734E-001                 -1.4792497705258942E+000 
                 3.6513228132429689E+000                  2.7592342259313429E-008                  3.3563831622186652E-002                  3.0338276251018114E-005                  4.0634113959309468E+002                  3.3423991575586585E-002                  9.9998942861608198E-001                  8.6524817114928627E+000                  8.6524817114928627E+000                 -7.5592114315571148E+000                  2.6088907934752514E+000                  3.9368883187990518E+000                 -9.4546028799643622E-001                 -1.4741284662764333E+000 
                 3.6692847734882821E+000                  2.9548925552103872E-008                  3.3969641073852086E-002                  3.0338276251018114E-005                  4.1088412623686696E+002                  3.3825776025545241E-002                  9.9998942861608198E-001                  8.6881035553595378E+000                  8.6881035553595378E+000                 -7.5294583061626215E+000                  2.6137193626349382E+000                  3.9416453831786722E+000                 -9.5202767904313101E-001                 -1.4689090418985609E+000 
                 3.6866940784443512E+000                  3.1619533943867615E-008                  3.4388088007639303E-002                  3.0338276251018114E-005                  4.1535005309125177E+002                  3.4239993479581517E-002                  9.9998942861608198E-001                  8.7235559916397669E+000                  8.7235559916397669E+000                 -7.5000445356403125E+000                  2.6184142695488117E+000                  3.9463454651793217E+000                 -9.5865815449878566E-001                 -1.4635919704651532E+000 
                 3.7035815876313394E+000                  3.3814062362806195E-008                  3.4819326470843522E-002                  3.0338276251018114E-005                  4.1975277240766758E+002                  3.4666813932147357E-002                  9.9998942861608198E-001                  8.7588560996669642E+000                  8.7589300691829521E+000                 -7.4709026507140202E+000                  2.6229935725136300E+000                  3.9509859075467246E+000                 -9.6534938598632025E-001                 -1.4581796339316435E+000 
                 3.7199583000867125E+000                  3.6418090650331553E-008                  3.5273702091392176E-002                  3.0338276251018114E-005                  4.2484762109178160E+002                  3.2550995427665541E-002                  9.9871637275081271E-001                  8.7939478257228618E+000                  8.7950668975783728E+000                 -7.4386828273978276E+000                  2.6282331900278249E+000                  3.9555583189300889E+000                 -9.7208799786012801E-001                 -1.4525489573019368E+000 
                 3.7352532239547438E+000                  3.9750385366582521E-008                  3.5746160676377529E-002                  3.0338276251018114E-005                  4.3137011404449078E+002                  3.2841860006803010E-002                  9.9864468961406805E-001                  8.8274272951502901E+000                  8.8295412843236694E+000                 -7.4006586566485408E+000                  2.6348500524865912E+000                  3.9598849475838223E+000                 -9.7860026374521591E-001                 -1.4467705968448259E+000 
                 3.7491300339358049E+000                  4.3505563268646646E-008                  3.6210030093498963E-002                  3.0338276251018114E-005                  4.3838044699577756E+002                  3.3120180407313064E-002                  9.9857896088378995E-001                  8.8583456184982801E+000                  8.8614037285145884E+000                 -7.3614552041398689E+000                  2.6418511743156334E+000                  3.9638507644784080E+000                 -9.8468889913661206E-001                 -1.4411711142485748E+000 
                 3.7620355319672312E+000                  4.7674744748519812E-008                  3.6668940622252934E-002                  3.0338276251018114E-005                  4.4570995222053944E+002                  3.3419400685515480E-002                  9.9855079142795644E-001                  8.8875340482852501E+000                  8.8915187939896008E+000                 -7.3217116234965571E+000                  2.6490523307364171E+000                  3.9675665422574000E+000                 -9.9050145336322093E-001                 -1.4357016367684863E+000 
                 3.7743432131693608E+000                  5.2321462161625312E-008                  3.7128642005598442E-002                  3.0338276251018114E-005                  4.5336172756947741E+002                  3.3739680473725678E-002                  9.9855079142795644E-001                  8.9157316640480122E+000                  8.9416291158373653E+000                 -7.2813201278364543E+000                  2.6564448537529683E+000                  3.9711285489265791E+000                 -9.9617502023026638E-001                 -1.4302909349715367E+000 
                 3.7863018912014135E+000                  5.7522914203095178E-008                  3.7592686213323144E-002                  3.0338276251018114E-005                  4.6135789745888303E+002                  3.4088103672210428E-002                  9.9857896088378995E-001                  8.9434289544291090E+000                  8.9949808557164967E+000                 -7.2401591200128017E+000                  2.6640379583943781E+000                  3.9746003420638329E+000                 -1.0018033964295361E+000                 -1.4248966403425307E+000 
                 3.7981037965793809E+000                  6.3365170627266775E-008                  3.8063678758981784E-002                  3.0338276251018114E-005                  4.6971744671705784E+002                  3.4419176321575623E-002                  9.9857896088378995E-001                  8.9710042250053874E+000                  9.0480420704293429E+000                 -7.1981493913417403E+000                  2.6718366906655300E+000                  3.9780306803877505E+000                 -1.0074621630302578E+000                 -1.4194892405493027E+000 
                 3.8099116277749419E+000                  6.9975282647797517E-008                  3.8545141661465485E-002                  3.0338276251018114E-005                  4.7849869903482204E+002                  3.4807314975253863E-002                  9.9862590997684575E-001                  8.9987750377558395E+000                  9.1003552827972243E+000                 -7.1550553386334199E+000                  2.6798807605013599E+000                  3.9814597956386852E+000                 -1.0132178121546738E+000                 -1.4140303538668031E+000 
                 3.8158543391329989E+000                  7.3612237984571031E-008                  3.8790896313181653E-002                  3.0338276251018114E-005                  4.8306104564185404E+002                  3.5003499193814645E-002                  9.9864468961406805E-001                  9.0128023658274952E+000                  9.1260283079904543E+000                 -7.1330499784974739E+000                  2.6840020162797256E+000                  3.9831820766369228E+000                 -1.0161467506887654E+000                 -1.4112701853555609E+000 
