                           1                            2                            3                            4                            5 
              version_number                 initial_mass                    initial_z                    burn_min1                    burn_min2 
                       10398      1.0000000000000000E+000      2.0000000000000000E-002      5.0000000000000000E+001      1.0000000000000000E+003 

                                       1                                        2                                        3                                        4                                        5                                        6                                        7                                        8                                        9                                       10                                       11                                       12                                       13                                       14 
                            log_star_age                               luminosity                                   radius                                star_mass                 surface_cell_temperature                           conv_mx1_top_r                             conv_mx1_top                           center_entropy                              max_entropy                                    log_L                                 log_Teff                             log_center_T                           log_center_Rho                                    log_R 
                 1.7144518066903125E+000                  5.6495600371602238E-008                  4.2745470704918069E-002                  2.1236793375712682E-005                  4.3071304322509229E+002                  3.7153662565756737E-002                  9.9679118089870056E-001                  9.0085217885290501E+000                  9.0191896973613126E+000                 -7.2479853718041616E+000                  2.6341880233697403E+000                  3.9383421594080161E+000                 -1.1387804572610776E+000                 -1.3691098961889352E+000 
                 2.2755531903393682E+000                  5.5816649272370929E-008                  4.2631007944132521E-002                  2.1236793375712682E-005                  4.2998921079021005E+002                  3.7114874771766768E-002                  9.9685341976427422E-001                  9.0041650511705988E+000                  9.0146764106817763E+000                 -7.2532362381841375E+000                  2.6334575581859423E+000                  3.9378690151952269E+000                 -1.1377686842668515E+000                 -1.3702743990113269E+000 
                 2.5861181288577537E+000                  5.4870528647985582E-008                  4.2469863525522324E-002                  2.1236793375712682E-005                  4.2896688980159280E+002                  3.7023812604917813E-002                  9.9688880125636092E-001                  8.9979833238168947E+000                  9.0082762347832226E+000                 -7.2606608555903787E+000                  2.6324237716224981E+000                  3.9371963242998897E+000                 -1.1363357607702864E+000                 -1.3719191345875594E+000 
                 2.8255766150681705E+000                  5.3586361059193806E-008                  4.2245901494351139E-002                  2.1236793375712682E-005                  4.2756356937105187E+002                  3.6886586086262399E-002                  9.9692418274844763E-001                  8.9892618563018996E+000                  8.9992499129549479E+000                 -7.2709457340101444E+000                  2.6310006936989843E+000                  3.9362445544740847E+000                 -1.1343194508867909E+000                 -1.3742154179504142E+000 
                 3.0324922102990364E+000                  5.1891339578376169E-008                  4.1939131515905018E-002                  2.1236793375712682E-005                  4.2568997500700601E+002                  3.6687278850561250E-002                  9.9695956424053433E-001                  8.9770476172994726E+000                  8.9866130437217748E+000                 -7.2849051178194770E+000                  2.6290934223896070E+000                  3.9349063078146203E+000                 -1.1315060436679858E+000                 -1.3773805672363253E+000 
                 3.2216384376363161E+000                  4.9744586538572764E-008                  4.1527504896402466E-002                  2.1236793375712682E-005                  4.2329969526863511E+002                  3.6442659484849572E-002                  9.9704740888694321E-001                  8.9600928786299221E+000                  8.9690844071358438E+000                 -7.3032541745031221E+000                  2.6266479555454358E+000                  3.9330384530256612E+000                 -1.1276206858971265E+000                 -1.3816641618898058E+000 
                 3.3968478744514221E+000                  4.7304750191851783E-008                  4.1004331139291576E-002                  2.1236793375712682E-005                  4.2066922443759785E+002                  4.0712195739328584E-002                  9.9997331907383513E-001                  8.9372576847838232E+000                  8.9454888257520118E+000                 -7.3250952466083463E+000                  2.6239407405247235E+000                  3.9305041997162276E+000                 -1.1224244895759969E+000                 -1.3871702679009934E+000 
                 3.5447309785020971E+000                  4.4696788529458946E-008                  4.0418752859461143E-002                  2.1236793375712682E-005                  4.1774094422528395E+002                  4.0131630041447423E-002                  9.9997331907383513E-001                  8.9107032769292331E+000                  8.9180654060674449E+000                 -7.3497236798667016E+000                  2.6209070437517639E+000                  3.9275310858183663E+000                 -1.1164352447662884E+000                 -1.3934170909842518E+000 
                 3.6652629925121434E+000                  4.2118071185205660E-008                  3.9823750339880608E-002                  2.1236793375712682E-005                  4.1464407004540789E+002                  3.9553023704498071E-002                  9.9997456325758927E-001                  8.8827936292066028E+000                  8.8892566074578738E+000                 -7.3755315257297207E+000                  2.6176754584808295E+000                  3.9243766600683583E+000                 -1.1102027929006326E+000                 -1.3998578433738926E+000 
                 3.7657004707649353E+000                  3.9649434947654187E-008                  3.9239405529591501E-002                  2.1236793375712682E-005                  4.1145984629743282E+002                  3.8973629035983691E-002                  9.9997456325758927E-001                  8.8544118675728392E+000                  8.8599782163883098E+000                 -7.4017629975232841E+000                  2.6143274592108758E+000                  3.9211380676939642E+000                 -1.1039304374429140E+000                 -1.4062775807307666E+000 
                 3.8520998875386989E+000                  3.7304256263493629E-008                  3.8670127521701909E-002                  2.1236793375712682E-005                  4.0820771913347647E+002                  3.8409239731088347E-002                  9.9997456325758927E-001                  8.8257727010023554E+000                  8.8304541344849259E+000                 -7.4282416141351923E+000                  2.6108812125727119E+000                  3.9178385044753941E+000                 -1.0976663248683707E+000                 -1.4126243957603932E+000 
                 3.9284055068473247E+000                  3.5078626501229211E-008                  3.8116522179108707E-002                  2.1236793375712682E-005                  4.0488662415541359E+002                  3.7860429069367714E-002                  9.9997456325758927E-001                  8.7969280081393499E+000                  8.8007331503261970E+000                 -7.4549574197134909E+000                  2.6073334293206432E+000                  3.9144828524463047E+000                 -1.0914210223448131E+000                 -1.4188867320454055E+000 
                 3.9971691406729546E+000                  3.2965209037605611E-008                  3.7578325611779713E-002                  2.1236793375712682E-005                  4.0148993692627141E+002                  3.7336843451654861E-002                  9.9997574923983867E-001                  8.7678927225641807E+000                  8.7708134822478918E+000                 -7.4819441659815311E+000                  2.6036746641249531E+000                  3.9110723179482751E+000                 -1.0851978575918904E+000                 -1.4250625747880457E+000 
                 4.0600993269472294E+000                  3.0955349715120222E-008                  3.7055212162708656E-002                  2.1236793375712682E-005                  3.9800515318944042E+002                  3.6818052502996940E-002                  9.9997574923983867E-001                  8.7386751349340930E+000                  8.7406911355658501E+000                 -7.5092642852227431E+000                  2.5998886948210314E+000                  3.9076080803583779E+000                 -1.0790002996521491E+000                 -1.4311506958008078E+000 
                 4.1183940507340573E+000                  2.9041978788675837E-008                  3.6547021518871403E-002                  2.1236793375712682E-005                  3.9442095025121068E+002                  3.6314023622664768E-002                  9.9997574923983867E-001                  8.7092844809559740E+000                  8.7103876135815366E+000                 -7.5369737961081320E+000                  2.5959599747305493E+000                  3.9040916193985797E+000                 -1.0728328399112947E+000                 -1.4371480110625379E+000 
                 4.1729388892778196E+000                  2.7221667856794896E-008                  3.6053468672590232E-002                  2.1236793375712682E-005                  3.9073703276139793E+002                  3.5815122590361390E-002                  9.9997456325758927E-001                  8.6797279046953246E+000                  8.6799587535269023E+000                 -7.5650852693306199E+000                  2.5918845738153489E+000                  3.9005238036620602E+000                 -1.0666984569947280E+000                 -1.4430529458433812E+000 
                 4.2244086035890485E+000                  2.5489662280228751E-008                  3.5574175402369103E-002                  2.1236793375712682E-005                  3.8694836674752827E+002                  3.5339823377845428E-002                  9.9997456325758927E-001                  8.6500090040948976E+000                  8.6500456707427702E+000                 -7.5936359185834865E+000                  2.5876530175452377E+000                  3.8969044841081870E+000                 -1.0605980622236817E+000                 -1.4488651579295919E+000 
                 4.2733251032906443E+000                  2.3841018673753029E-008                  3.5108703484916778E-002                  2.1236793375712682E-005                  3.8304802251234929E+002                  3.4878164442049532E-002                  9.9997456325758927E-001                  8.6201482110626486E+000                  8.6201908447151148E+000                 -7.6226751920971454E+000                  2.5832532242637534E+000                  3.8932355816306972E+000                 -1.0545344527563874E+000                 -1.4545852081234525E+000 
                 4.3200943010944828E+000                  2.2271571644379016E-008                  3.4656700911231658E-002                  2.1236793375712682E-005                  3.7902994781811668E+002                  3.4429798036345258E-002                  9.9997456325758927E-001                  8.5901622899842938E+000                  8.5902102220802572E+000                 -7.6522491349014050E+000                  2.5786735253097142E+000                  3.8895190425458424E+000                 -1.0485108808372197E+000                 -1.4602127816175039E+000 
                 4.3650422364624344E+000                  2.0779194969283643E-008                  3.4217927323148177E-002                  2.1236793375712682E-005                  3.7489508641328541E+002                  3.3994482775990847E-002                  9.9997456325758927E-001                  8.5600616826855447E+000                  8.5601142826517780E+000                 -7.6823712819554677E+000                  2.5739097479604660E+000                  3.8857566646889592E+000                 -1.0425306444077451E+000                 -1.4657463004460389E+000 
                 4.4084448774732028E+000                  1.9363316528984600E-008                  3.3792084520696444E-002                  2.1236793375712682E-005                  3.7065244002661797E+002                  3.3563176320446628E-002                  9.9997331907383513E-001                  8.5298464119948605E+000                  8.5299030850376401E+000                 -7.7130202551433689E+000                  2.5689668630526832E+000                  3.8819485691077302E+000                 -1.0365953521186000E+000                 -1.4711850172244239E+000 
                 4.4505368078219831E+000                  1.8017646146559139E-008                  3.3378770343693923E-002                  2.1236793375712682E-005                  3.6628468907579742E+002                  3.3153147070351219E-002                  9.9997331907383513E-001                  8.4995218840857110E+000                  8.4995820989730824E+000                 -7.7443019465607765E+000                  2.5638187648570607E+000                  3.8780948383315015E+000                 -1.0307065285196488E+000                 -1.4765296665418826E+000 
                 4.4915096463505497E+000                  1.6742108771772541E-008                  3.2977543096374899E-002                  2.1236793375712682E-005                  3.6180353861777400E+002                  3.2746747738666870E-002                  9.9997207489008100E-001                  8.4691025246458995E+000                  8.4691666890274817E+000                 -7.7761898408311154E+000                  2.5584728097359291E+000                  3.8741963568287261E+000                 -1.0248659582843751E+000                 -1.4817817034347893E+000 
                 4.5314911526293971E+000                  1.5533292437974087E-008                  3.2588235751602634E-002                  2.1236793375712682E-005                  3.5720281567439633E+002                  3.2360567683590843E-002                  9.9997207489008100E-001                  8.4386204610477336E+000                  8.4387016031338682E+000                 -7.8087364814192908E+000                  2.5529148731480245E+000                  3.8702567769504808E+000                 -1.0190791406156865E+000                 -1.4869391505530671E+000 
                 4.5705743620662815E+000                  1.4391227891282637E-008                  3.2210999025660512E-002                  2.1236793375712682E-005                  3.5249404458531779E+002                  3.1986315020813144E-002                  9.9997207489008100E-001                  8.4081422356643056E+000                  8.4082398271279093E+000                 -7.8419021495200969E+000                  2.5471517835000368E+000                  3.8662858491412209E+000                 -1.0133572738154055E+000                 -1.4919958053074958E+000 
                 4.6089368524734615E+000                  1.3313519725108383E-008                  3.1845063980632735E-002                  2.1236793375712682E-005                  3.4768149572878252E+002                  3.1615138787433689E-002                  9.9997076971417054E-001                  8.3776315625124003E+000                  8.3777446511448428E+000                 -7.8757071139381534E+000                  2.5411815768551014E+000                  3.8622800691730172E+000                 -1.0076940241386516E+000                 -1.4969578742266529E+000 
                 4.6467081328616251E+000                  1.2297870398814217E-008                  3.1490010054616172E-002                  2.1236793375712682E-005                  3.4276817883024108E+002                  3.1262995286523147E-002                  9.9997076971417054E-001                  8.3470803915830896E+000                  8.3472074886543925E+000                 -7.9101700880824266E+000                  2.5350004965533026E+000                  3.8582386315438759E+000                 -1.0020886243959211E+000                 -1.5018272006951923E+000 
                 4.6839910718139750E+000                  1.1344001367157978E-008                  3.1145348154119495E-002                  2.1236793375712682E-005                  3.3777258013173133E+002                  3.0913477297050396E-002                  9.9996946453826008E-001                  8.3164733504865431E+000                  8.3177891129394528E+000                 -7.9452337298206404E+000                  2.5286243908010411E+000                  3.8541585148745217E+000                 -9.9653863877855353E-001                 -1.5066068100597758E+000 
                 4.7208625353784477E+000                  1.0448676285449467E-008                  3.0810700464584020E-002                  2.1236793375712682E-005                  3.3269322074198442E+002                  3.0581761082956325E-002                  9.9996946453826008E-001                  8.2858093068283463E+000                  8.2911597888430251E+000                 -7.9809387256618738E+000                  2.5220439508713688E+000                  3.8500388196996518E+000                 -9.9104364351131535E-001                 -1.5112984281210475E+000 
                 4.7573958945022063E+000                  9.6126900422008559E-009                  3.0485641018465515E-002                  2.1236793375712682E-005                  3.2756160303062882E+002                  3.0251963818410704E-002                  9.9996809545008269E-001                  8.2551196827336106E+000                  8.2643647546100301E+000                 -8.0171550611345115E+000                  2.5152929872828156E+000                  3.8458851062245731E+000                 -9.8560665835640970E-001                 -1.5159046686802600E+000 
                 4.7936603010284662E+000                  8.8320945090555097E-009                  3.0169796164530967E-002                  2.1236793375712682E-005                  3.2237336884481050E+002                  2.9939184298532824E-002                  9.9996809545008269E-001                  8.2244017625074459E+000                  8.2372401317246506E+000                 -8.0539362923615130E+000                  2.5083591571501720E+000                  3.8416978532068695E+000                 -9.8022621798362497E-001                 -1.5204276240284740E+000 
                 4.8297077591728312E+000                  8.1066386360027831E-009                  2.9862865444445535E-002                  2.1236793375712682E-005                  3.1715669505737321E+002                  2.9635356221928356E-002                  9.9996809545008281E-001                  8.1936676462873645E+000                  8.2097794822746817E+000                 -8.0911591857945844E+000                  2.5012738830603150E+000                  3.8374781352672782E+000                 -9.7490284056906518E-001                 -1.5248685225652960E+000 
                 4.8655853506471809E+000                  7.4339414166421883E-009                  2.9564410887371922E-002                  2.1236793375712682E-005                  3.1192457184641762E+002                  2.9332983574299733E-002                  9.9996672636190542E-001                  8.1628893566621983E+000                  8.1819292494225628E+000                 -8.1287808656951324E+000                  2.4940495870572179E+000                  3.8332194190205868E+000                 -9.6963186335210683E-001                 -1.5292307705093755E+000 
                 4.9013211871050606E+000                  6.8115673961313287E-009                  2.9274121879519249E-002                  2.1236793375712682E-005                  3.0668973836184631E+002                  2.9046130362538461E-002                  9.9996672636190553E-001                  8.1321385821429004E+000                  8.1535204321459673E+000                 -8.1667529419541438E+000                  2.4866992444197860E+000                  3.8289298851944737E+000                 -9.6442051210622992E-001                 -1.5335161233640175E+000 
                 4.9369291602741159E+000                  6.2381513372824823E-009                  2.8991730582491201E-002                  2.1236793375712682E-005                  3.0147848584424656E+002                  2.8767337109162947E-002                  9.9996672636190553E-001                  8.1014335412202136E+000                  8.1244422186802616E+000                 -8.2049440934856648E+000                  2.4792563247766717E+000                  3.8246103069866151E+000                 -9.5926917378507648E-001                 -1.5377258598435493E+000 
                 4.9724584461170425E+000                  5.7111593324525703E-009                  2.8716700761384852E-002                  2.1236793375712682E-005                  2.9630789049596194E+002                  2.8496085989769972E-002                  9.9996672636190553E-001                  8.0707112424278389E+000                  8.0946909657232418E+000                 -8.2432757235264056E+000                  2.4717432159981403E+000                  3.8202532553112483E+000                 -9.5416887935098504E-001                 -1.5418654573068566E+000 
                 5.0079345389194554E+000                  5.2270186869046378E-009                  2.8448834096122030E-002                  2.1236793375712682E-005                  2.9117943281283647E+002                  2.8232084036206546E-002                  9.9996672636190553E-001                  8.0399260898301357E+000                  8.0644855296847364E+000                 -8.2817459472707089E+000                  2.4641606950939896E+000                  3.8158585014045805E+000                 -9.4911796425438977E-001                 -1.5459355273707074E+000 
                 5.0433694370016218E+000                  4.7821521190321462E-009                  2.8188065315369243E-002                  2.1236793375712682E-005                  2.8608996922975911E+002                  2.7975136971761051E-002                  9.9996672636190553E-001                  8.0090560587832851E+000                  8.0342518581736009E+000                 -8.3203766132044557E+000                  2.4565026303539423E+000                  3.8114286007912610E+000                 -9.4411892060462910E-001                 -1.5499347308574860E+000 
                 5.0787908370219910E+000                  4.3728410917036865E-009                  2.7934256699374542E-002                  2.1236793375712682E-005                  2.8102941729605186E+002                  2.7731227327811359E-002                  9.9996809545008292E-001                  7.9780576498705145E+000                  8.0045103884353441E+000                 -8.3592363045554769E+000                  2.4487517822177813E+000                  3.8069613980792285E+000                 -9.3917028793740787E-001                 -1.5538628802606747E+000 
                 5.1142238312031019E+000                  3.9952113986425494E-009                  2.7687442846971080E-002                  2.1236793375712682E-005                  2.7597702989949153E+002                  2.7493824761521273E-002                  9.9996946453826030E-001                  7.9469011273154049E+000                  7.9757240089730876E+000                 -8.3984602359157101E+000                  2.4408729357034651E+000                  3.8024560524888287E+000                 -9.3427173189290058E-001                 -1.5577171529121581E+000 
                 5.1497036357623021E+000                  3.6458892155207334E-009                  2.7447598019961595E-002                  2.1236793375712682E-005                  2.7091191963408477E+002                  2.7256536085390651E-002                  9.9996946453826030E-001                  7.9156036594497241E+000                  7.9483900814259139E+000                 -8.4381965320109931E+000                  2.4328281128764027E+000                  3.7979110089932706E+000                 -9.2942092222054762E-001                 -1.5614956553056751E+000 
                 5.1852488444082345E+000                  3.3236603511302420E-009                  2.7214421227673452E-002                  2.1236793375712682E-005                  2.6584838524687581E+002                  2.7031391193189560E-002                  9.9997076971417076E-001                  7.8842856679936109E+000                  7.9223103666436669E+000                 -8.4783833636985921E+000                  2.4246340260221610E+000                  3.7933272410364132E+000                 -9.2461723721436717E-001                 -1.5652008974409917E+000 
                 5.2208413227153718E+000                  3.0272608029231086E-009                  2.6987624262932469E-002                  2.1236793375712682E-005                  2.6080117931931790E+002                  2.6806453462433700E-002                  9.9997076971417087E-001                  7.8531221772461484E+000                  7.8968017342328292E+000                 -8.5189501623300981E+000                  2.4163095501286134E+000                  3.7887098986577690E+000                 -9.1986518255501815E-001                 -1.5688353449696484E+000 
                 5.2564558869613425E+000                  2.7561107213819829E-009                  2.6766870175549632E-002                  2.1236793375712682E-005                  2.5580250194837853E+002                  2.6593302742251447E-002                  9.9997207489008133E-001                  7.8223114448790918E+000                  7.8713314296199313E+000                 -8.5597033394787303E+000                  2.4079047870973787E+000                  3.7840636241389669E+000                 -9.1516979129804366E-001                 -1.5724024074814957E+000 
                 5.2920862496628871E+000                  2.5084294274489708E-009                  2.6551841222381273E-002                  2.1236793375712682E-005                  2.5086066525359453E+002                  2.6380100169051554E-002                  9.9997207489008133E-001                  7.7920361928290838E+000                  7.8454207609864319E+000                 -8.6005981129741311E+000                  2.3994325687995648E+000                  3.7793899274872373E+000                 -9.1053327199633205E-001                 -1.5759053576335680E+000 
                 5.3277592582065143E+000                  2.2811543116922342E-009                  2.6342534904996762E-002                  2.1236793375712682E-005                  2.4594573919708415E+002                  2.6172592311600844E-002                  9.9997207489008133E-001                  7.7622774738624161E+000                  7.8194935484446164E+000                 -8.6418453353065754E+000                  2.3908393023084695E+000                  3.7746865046608482E+000                 -9.0595177886514999E-001                 -1.5793424358176007E+000 
                 5.3634695521967437E+000                  2.0699075958049444E-009                  2.6139991887375646E-002                  2.1236793375712682E-005                  2.4097080831489561E+002                  2.5971336476833546E-002                  9.9997207489008144E-001                  7.7329058541246791E+000                  7.7954407885459993E+000                 -8.6840490417545571E+000                  2.3819644335576937E+000                  3.7699610127279963E+000                 -9.0142875294030378E-001                 -1.5826945515400397E+000 
                 5.3991496653273474E+000                  1.8747030670495154E-009                  2.5944386892790446E-002                  2.1236793375712682E-005                  2.3596133010468895E+002                  2.5776723145574949E-002                  9.9997207489008155E-001                  7.7038806083685563E+000                  7.7723581973125491E+000                 -8.7270675100983972E+000                  2.3728408346609773E+000                  3.7652323938929726E+000                 -8.9697941972745976E-001                 -1.5859565879185269E+000 
                 5.4349221556124530E+000                  1.7027721251815485E-009                  2.5750914383173042E-002                  2.1236793375712682E-005                  2.3121831116786487E+002                  2.5583445141022780E-002                  9.9997142230212632E-001                  7.6749361532169988E+000                  7.7413194920998736E+000                 -8.7688434679492850E+000                  2.3640222237830892E+000                  3.7604759449328813E+000                 -8.9258075190270236E-001                 -1.5892073450881943E+000 
                 5.4708591261293638E+000                  1.5581421033731534E-009                  2.5555615529814717E-002                  2.1236793375712682E-005                  2.2700635326816271E+002                  2.5396854399350296E-002                  9.9997207489008155E-001                  7.6457189187981145E+000                  7.6966362051544142E+000                 -8.8073929369737698E+000                  2.3560380110890993E+000                  3.7556491722029248E+000                 -8.8819538654811636E-001                 -1.5925136542124569E+000 
                 5.5064535076045154E+000                  1.4362229286545269E-009                  2.5362945976526920E-002                  2.1236793375712682E-005                  2.2327239693793277E+002                  2.5216240886195111E-002                  9.9997331907383569E-001                  7.6163784124178120E+000                  7.6472472615959495E+000                 -8.8427781442369966E+000                  2.3488350338429256E+000                  3.7507846186242229E+000                 -8.8385124280323168E-001                 -1.5958003033517238E+000 
                 5.5416688544708874E+000                  1.3287016795962649E-009                  2.5175682511005725E-002                  2.1236793375712682E-005                  2.1978379273429084E+002                  2.5044652496113172E-002                  9.9997574923983923E-001                  7.5868277073477808E+000                  7.6020396832563577E+000                 -8.8765725160086522E+000                  2.3419956626848926E+000                  3.7458680284401016E+000                 -8.7953343409956852E-001                 -1.5990187469214843E+000 
                 5.5767233631073800E+000                  1.2312720216806066E-009                  2.4993164809936106E-002                  2.1236793375712682E-005                  2.1642493480783881E+002                  2.4876002312997959E-002                  9.9997806566953051E-001                  7.5568788301236491E+000                  7.5629110156121859E+000                 -8.9096459889338497E+000                  2.3353072944809266E+000                  3.7408598568609417E+000                 -8.7520869837026427E-001                 -1.6021787469761510E+000 
                 5.6117578624034845E+000                  1.1553418097608237E-009                  2.4813364633829056E-002                  2.1236793375712682E-005                  2.1377859222172464E+002                  2.4745998807770984E-002                  9.9998876202274478E-001                  7.5262185090051918E+000                  7.5338588736930392E+000                 -8.9372895100300074E+000                  2.3299642119315451E+000                  3.7356903868481979E+000                 -8.7082284823637257E-001                 -1.6053143424254681E+000 
                 5.6467114534781313E+000                  1.0849419791340518E-009                  2.4634162150405665E-002                  2.1236793375712682E-005                  2.1120886833569685E+002                  2.4568338087343534E-002                  9.9998876202274478E-001                  7.4947565660611044E+000                  7.5070399352294244E+000                 -8.9645934865303651E+000                  2.3247121487082580E+000                  3.7303318436342430E+000                 -8.6635917768181014E-001                 -1.6084622042290717E+000 
                 5.6811210555375018E+000                  1.0159148849820494E-009                  2.4458177838255029E-002                  2.1236793375712682E-005                  2.0851231055109565E+002                  2.4393744550196758E-002                  9.9998876202274478E-001                  7.4629575124671810E+000                  7.4805808182637223E+000                 -8.9931426764330755E+000                  2.3191316998788807E+000                  3.7248673353816053E+000                 -8.6188877100505579E-001                 -1.6115759015216733E+000 
                 5.7148244981662204E+000                  9.4840080088735552E-010                  2.4286954001433037E-002                  2.1236793375712682E-005                  2.0567943565293282E+002                  2.4220797719300725E-002                  9.9998811635854035E-001                  7.4310830909075625E+000                  7.4548181783483276E+000                 -9.0230080879490018E+000                  2.3131908710991707E+000                  3.7193463714866959E+000                 -8.5745197341184887E-001                 -1.6146269497202166E+000 
                 5.7478810325884533E+000                  8.8221959914829127E-010                  2.4120916124103081E-002                  2.1236793375712682E-005                  2.0268737367082980E+002                  2.4052818109382909E-002                  9.9998742782307204E-001                  7.3992563260586719E+000                  7.4299024402779699E+000                 -9.0544232982835187E+000                  2.3068266944071354E+000                  3.7137888338394114E+000                 -8.5306597492494174E-001                 -1.6176062015034032E+000 
                 5.7804047414629913E+000                  8.1750249658748354E-010                  2.3960078419022413E-002                  2.1236793375712682E-005                  1.9952971099989065E+002                  2.3887159620499931E-002                  9.9998605075213542E-001                  7.3675532336292662E+000                  7.4057323585866142E+000                 -9.0875109123649089E+000                  2.3000075725733402E+000                  3.7082051836912502E+000                 -8.4873947470212419E-001                 -1.6205117648765084E+000 
                 5.8125137366649708E+000                  7.5511406118300733E-010                  2.3804220223665958E-002                  2.1236793375712682E-005                  1.9624815335024891E+002                  2.3729835922625800E-002                  9.9998546181412284E-001                  7.3360168186730030E+000                  7.3819775192742947E+000                 -9.1219874425417586E+000                  2.2928055778573313E+000                  3.7026018187219325E+000                 -8.4447476770483654E-001                 -1.6233460405329154E+000 
                 5.8443231998135170E+000                  6.9554333657819477E-010                  2.3652903500870508E-002                  2.1236793375712682E-005                  1.9287157982315642E+002                  2.3574344408750513E-002                  9.9998413886527493E-001                  7.3046552528491526E+000                  7.3577647231859240E+000                 -9.1576758056425511E+000                  2.2852682368367323E+000                  3.6969800774925941E+000                 -8.4026935210728204E-001                 -1.6261155400421128E+000 
                 5.8759168934528212E+000                  6.3941221707080552E-010                  2.3505846561295583E-002                  2.1236793375712682E-005                  1.8944655109725409E+002                  2.3425616798350802E-002                  9.9998340485443959E-001                  7.2734715179811635E+000                  7.3327374268170882E+000                 -9.1942190700415782E+000                  2.2774867022714043E+000                  3.6913414858411375E+000                 -8.3612259400784028E-001                 -1.6288241031109714E+000 
                 5.9073650468824201E+000                  5.8636873945985032E-010                  2.3362988026941065E-002                  2.1236793375712682E-005                  1.8595502914868766E+002                  2.3280131992935001E-002                  9.9998235267007274E-001                  7.2424909848048475E+000                  7.3070293325032463E+000                 -9.2318291908941639E+000                  2.2694079272966188E+000                  3.6856886143329479E+000                 -8.3203670307149813E-001                 -1.6314716135876930E+000 
                 5.9387275951420717E+000                  5.3630077348983128E-010                  2.3224411325419501E-002                  2.1236793375712682E-005                  1.8239342045251504E+002                  2.3139094932499882E-002                  9.9998130048570588E-001                  7.2117577736880589E+000                  7.2812238401938201E+000                 -9.2705915766671314E+000                  2.2610091667387904E+000                  3.6800271278739189E+000                 -8.2801475938590341E-001                 -1.6340552853585200E+000 
                 5.9700595514718895E+000                  4.8934015487499208E-010                  2.3090095334016215E-002                  2.1236793375712682E-005                  1.7878013878457892E+002                  2.3002449842753112E-002                  9.9998024830133925E-001                  7.1812887348473176E+000                  7.2555438960587431E+000                 -9.3103891449081715E+000                  2.2523192689847771E+000                  3.6743629629614718E+000                 -8.2405767783041572E-001                 -1.6365742739710130E+000 
                 6.0014134292448036E+000                  4.4540068178956241E-010                  2.2959891739896349E-002                  2.1236793375712682E-005                  1.7511857748989453E+002                  2.2870082316006641E-002                  9.9997919611697239E-001                  7.1510679154862062E+000                  7.2296231944971723E+000                 -9.3512491225125363E+000                  2.2433322196218937E+000                  3.6687002440400649E+000                 -8.2016539926882071E-001                 -1.6390301640474294E+000 
                 6.0328496173691404E+000                  4.0455771818462303E-010                  2.2833575508970017E-002                  2.1236793375712682E-005                  1.7143029823101517E+002                  2.2741573297421370E-002                  9.9997806566953062E-001                  7.1210939900322074E+000                  7.2031465151157130E+000                 -9.3930195089074022E+000                  2.2340875795112218E+000                  3.6630394388405949E+000                 -8.1633796224523059E-001                 -1.6414260770235181E+000 
                 6.0644405521464417E+000                  3.6682542944930443E-010                  2.2710835241659167E-002                  2.1236793375712682E-005                  1.6773655715454777E+002                  2.2616897091467972E-002                  9.9997693522208886E-001                  7.0913552462945635E+000                  7.1758298485397969E+000                 -9.4355405653501485E+000                  2.2246277235575689E+000                  3.6573762740186000E+000                 -8.1257239056743824E-001                 -1.6437668933375853E+000 
                 6.0962549832121296E+000                  3.3214916165056102E-010                  2.2591377780576054E-002                  2.1236793375712682E-005                  1.6405570994534418E+002                  2.2497251198604955E-002                  9.9997634223096399E-001                  7.0617857119277847E+000                  7.1474550059046109E+000                 -9.4786668393867988E+000                  2.2149913493546931E+000                  3.6517023820243861E+000                 -8.0886155591260156E-001                 -1.6460572819501587E+000 
                 6.1283395645439178E+000                  3.0041605520355895E-010                  2.2474967140664492E-002                  2.1236793375712682E-005                  1.6040232961621402E+002                  2.2380842387926474E-002                  9.9997574923983934E-001                  7.0323391665965902E+000                  7.1178918185590998E+000                 -9.5222768609488710E+000                  2.2052106702645160E+000                  3.6460147838469021E+000                 -8.0520074130005548E-001                 -1.6483009345508413E+000 
                 6.1607291154253634E+000                  2.7146380488884161E-010                  2.2361403867316269E-002                  2.1236793375712682E-005                  1.5678621279492114E+002                  2.2265962894777201E-002                  9.9997456325758993E-001                  7.0029912414379645E+000                  7.0645143555143779E+000                 -9.5662880680455036E+000                  2.1953078684975051E+000                  3.6403086048270858E+000                 -8.0158631950389592E-001                 -1.6505009345651356E+000 
                 6.1933268061145297E+000                  2.4516884220364580E-010                  2.2251000660298340E-002                  2.1236793375712682E-005                  1.5322194297511163E+002                  2.2157439489089766E-002                  9.9997456325758993E-001                  6.9738439957882763E+000                  7.0008749809103161E+000                 -9.6105347238715577E+000                  2.1853209639488518E+000                  3.6346016480393710E+000                 -7.9802960464972261E-001                 -1.6526504533808561E+000 
                 6.2249607649972045E+000                  2.2210725086357888E-010                  2.2147475187282165E-002                  2.1236793375712682E-005                  1.4983317823670473E+002                  2.2052720775707638E-002                  9.9997331907383580E-001                  6.9458977722891388E+000                  6.9470696278433728E+000                 -9.6534372633396845E+000                  2.1756079904917587E+000                  3.6290941826638128E+000                 -7.9465082248964636E-001                 -1.6546757762007323E+000 
                 6.2550045353776911E+000                  2.0218305938176878E-010                  2.2052304089876681E-002                  2.1236793375712682E-005                  1.4666909905661399E+002                  2.1959306093653812E-002                  9.9997331907383580E-001                  6.9196452829371955E+000                  6.9201646702255779E+000                 -9.6942552361101715E+000                  2.1663386229262791E+000                  3.6238910412781067E+000                 -7.9150501095557213E-001                 -1.6565460274550172E+000 
                 6.2833493717451860E+000                  1.8511761017090405E-010                  2.1965039605581018E-002                  2.1236793375712682E-005                  1.4375579408423479E+002                  2.1873775258898189E-002                  9.9997331907383580E-001                  6.8951157581183198E+000                  6.8956219349377008E+000                 -9.7325522650058112E+000                  2.1576253566315140E+000                  3.6190046890763967E+000                 -7.8859015610201733E-001                 -1.6582680093133075E+000 
                 6.3100445844473416E+000                  1.7089928678238089E-010                  2.1884718313709091E-002                  2.1236793375712682E-005                  1.4117051583952482E+002                  2.1803665733870093E-002                  9.9997693522208886E-001                  6.8721673909039289E+000                  6.8726599922034177E+000                 -9.7672597497258558E+000                  2.1497440002846209E+000                  3.6144119975687228E+000                 -7.8588485711147071E-001                 -1.6598590389795431E+000 
                 6.3352084502780137E+000                  1.5927322374074062E-010                  2.1810208854136429E-002                  2.1236793375712682E-005                  1.3894252914203219E+002                  2.1740318732965381E-002                  9.9998077439352251E-001                  6.8505735337044893E+000                  6.8510550497674840E+000                 -9.7978572295916830E+000                  2.1428351986313237E+000                  3.6100699795764086E+000                 -7.8335769864962823E-001                 -1.6613401756058626E+000 
                 6.3589613065083199E+000                  1.4965502217938118E-010                  2.1740667850238846E-002                  2.1236793375712682E-005                  1.3701427056890839E+002                  2.1680147715372054E-002                  9.9998377185985721E-001                  6.8301470239366209E+000                  6.8306225070486706E+000                 -9.8249087043620804E+000                  2.1367658016254554E+000                  3.6059417379856495E+000                 -7.8098211922309135E-001                 -1.6627271189793238E+000 
                 6.3813937240234138E+000                  1.4156103675515239E-010                  2.1675513807906378E-002                  2.1236793375712682E-005                  1.3532581543657122E+002                  2.1620936611967217E-002                  9.9998546181412284E-001                  6.8107609577330708E+000                  6.8112372783631381E+000                 -9.8490562653663041E+000                  2.1313806513759257E+000                  3.6020017106185103E+000                 -7.7873894641149233E-001                 -1.6640305989823765E+000 
                 6.4026760798773861E+000                  1.3460874803892499E-010                  2.1614048719611232E-002                  2.1236793375712682E-005                  1.3382266605416439E+002                  2.1564236562763774E-002                  9.9998673928760373E-001                  6.7922407754001490E+000                  6.7927258686049692E+000                 -9.8709267149888866E+000                  2.1265296764472161E+000                  3.5982155060810568E+000                 -7.7660481853842678E-001                 -1.6652638739362486E+000 
                 6.4239614489458345E+000                  1.2825720307903669E-010                  2.1552851148624798E-002                  2.1236793375712682E-005                  1.3240289954772663E+002                  2.1506107783198156E-002                  9.9998742782307204E-001                  6.7735573817541761E+000                  6.7740595952358440E+000                 -9.8919182350299195E+000                  2.1218974946981795E+000                  3.5943739224649773E+000                 -7.7446050624337415E-001                 -1.6664952704586924E+000 
                 6.4462564156606357E+000                  1.2199326930525054E-010                  2.1489007466932417E-002                  2.1236793375712682E-005                  1.3094991132320359E+002                  2.1443417266725922E-002                  9.9998742782307204E-001                  6.7537673395383884E+000                  6.7542957094259028E+000                 -9.9136641298516874E+000                  2.1171052073705989E+000                  3.5902849836752875E+000                 -7.7220154747003855E-001                 -1.6677836432144151E+000 
                 6.4701565317362135E+000                  1.1558595021533728E-010                  2.1420901104165422E-002                  2.1236793375712682E-005                  1.2940075591098571E+002                  2.1376561699322390E-002                  9.9998742782307204E-001                  6.7322804321752265E+000                  6.7328694220581928E+000                 -9.9370949523755030E+000                  2.1119368120494282E+000                  3.5858285706011350E+000                 -7.6976674105969523E-001                 -1.6691622638339818E+000 
                 6.4963145270096199E+000                  1.0900451008794053E-010                  2.1346842810746385E-002                  2.1236793375712682E-005                  1.2773905831947586E+002                  2.1303833877849381E-002                  9.9998742782307204E-001                  6.7084671657149313E+000                  6.7243439294393363E+000                 -9.9625555326485138E+000                  2.1063237089963667E+000                  3.5808683649947142E+000                 -7.6708890060894619E-001                 -1.6706663478643633E+000 
                 6.5255442519576983E+000                  1.0191669136438144E-010                  2.1264708836205119E-002                  2.1236793375712682E-005                  1.2585226272630825E+002                  2.1224966303514919E-002                  9.9998811635854035E-001                  6.6815618617053980E+000                  6.7176111136371572E+000                 -9.9917546837677094E+000                  2.0998610269946143E+000                  3.5752265746090872E+000                 -7.6408322132258100E-001                 -1.6723405594204561E+000 
                 6.5571493089326349E+000                  9.4883791015331583E-011                  2.1176764494914856E-002                  2.1236793375712682E-005                  1.2387898065327470E+002                  2.1140084783755002E-002                  9.9998876202274478E-001                  6.6521211065604042E+000                  6.7121805329528073E+000                 -1.0022807971701690E+001                  2.0929976218566932E+000                  3.5689960648173233E+000                 -7.6081236870931856E-001                 -1.6741403931116052E+000 
                 6.5892459111839141E+000                  8.7945333177845801E-011                  2.1088334454584388E-002                  2.1236793375712682E-005                  1.2180397983120629E+002                  2.1052978136054550E-002                  9.9998876202274478E-001                  6.6218889180201730E+000                  6.7042749937054751E+000                 -1.0055787201446815E+001                  2.0856614774910018E+000                  3.5625339018868467E+000                 -7.5747242795187530E-001                 -1.6759577192527848E+000 
                 6.6211128925640494E+000                  8.1550792519124190E-011                  2.1001532793612252E-002                  2.1236793375712682E-005                  1.1977356312131113E+002                  2.0967381086160610E-002                  9.9998876202274478E-001                  6.5915856935831583E+000                  6.6982714321186263E+000                 -1.0088571814084036E+001                  2.0783609683022806E+000                  3.5559920831172325E+000                 -7.5414420098590618E-001                 -1.6777490071939525E+000 
                 6.6526144085114547E+000                  7.5457446564449545E-011                  2.0916758073429565E-002                  2.1236793375712682E-005                  1.1770848199924306E+002                  2.0882247994405769E-002                  9.9998811635854035E-001                  6.5613606391113501E+000                  6.6909483977308337E+000                 -1.0122297895155858E+001                  2.0708077577796220E+000                  3.5494084691199461E+000                 -7.5084696567054743E-001                 -1.6795056266845469E+000 
                 6.6836963413702621E+000                  7.0274204958484061E-011                  2.0834142413974664E-002                  2.1236793375712682E-005                  1.1586188512453832E+002                  2.0800625116562780E-002                  9.9998811635854035E-001                  6.5311119145468259E+000                  6.6862665342882224E+000                 -1.0153204059048111E+001                  2.0639405892136375E+000                  3.5427643668902924E+000                 -7.4757099999385079E-001                 -1.6812243714987041E+000 
                 6.7146096783720450E+000                  6.5177566579621836E-011                  2.0752926863311587E-002                  2.1236793375712682E-005                  1.1392375131394719E+002                  2.0719642878430120E-002                  9.9998777209080625E-001                  6.5007172802684590E+000                  6.6809122479479566E+000                 -1.0185901858058822E+001                  2.0566142759358450E+000                  3.5360254521908829E+000                 -7.4430055645953097E-001                 -1.6829206444484746E+000 
                 6.7452108656788150E+000                  6.0464525786414656E-011                  2.0673600787186143E-002                  2.1236793375712682E-005                  1.1202024529895185E+002                  2.0640518021477809E-002                  9.9998742782307215E-001                  6.4703584671377588E+000                  6.6598833181769148E+000                 -1.0218499348879929E+001                  2.0492965181689486E+000                  3.5292394204640121E+000                 -7.4105826871167202E-001                 -1.6845838743252350E+000 
                 6.7755375723668640E+000                  5.5945930563894000E-011                  2.0596178164935853E-002                  2.1236793375712682E-005                  1.1007234652862489E+002                  2.0563308277302003E-002                  9.9998708355533805E-001                  6.4400071635217406E+000                  6.6309022097088306E+000                 -1.0252231498017141E+001                  2.0416782237283817E+000                  3.5224176354925989E+000                 -7.3784840393056328E-001                 -1.6862133600127072E+000 
                 6.8056161026766757E+000                  5.1798389190580842E-011                  2.0520647222927218E-002                  2.1236793375712682E-005                  1.0817152584432013E+002                  2.0486653785516919E-002                  9.9998605075213565E-001                  6.4095973520504259E+000                  6.6020385373739758E+000                 -1.0285683745592980E+001                  2.0341129546580552E+000                  3.5155454654482319E+000                 -7.3466421492673095E-001                 -1.6878089456599739E+000 
                 6.8354891805868894E+000                  4.7734584029042753E-011                  2.0447083246397820E-002                  2.1236793375712682E-005                  1.0617493955129881E+002                  2.0414002981802813E-002                  9.9998605075213565E-001                  6.3792355689425673E+000                  6.5734655786235310E+000                 -1.0321166857631988E+001                  2.0260220212490569E+000                  3.5086415369159902E+000                 -7.3151512825866150E-001                 -1.6893686348614809E+000 
                 6.8651990499828122E+000                  4.4085965158086600E-011                  2.0375368086679804E-002                  2.1236793375712682E-005                  1.0426817593910212E+002                  2.0342083098801766E-002                  9.9998546181412307E-001                  6.3489335176773798E+000                  6.5449487546574963E+000                 -1.0355699646915646E+001                  2.0181517749307818E+000                  3.5017112668908461E+000                 -7.2840152917238876E-001                 -1.6908945368667609E+000 
                 6.8948946460241691E+000                  4.0527037400065170E-011                  2.0305161856138700E-002                  2.1236793375712682E-005                  1.0227333214665072E+002                  2.0271756205324846E-002                  9.9998487287611049E-001                  6.3186161377813272E+000                  6.5165704749637392E+000                 -1.0392255142812230E+001                  2.0097624046831721E+000                  3.4947388148707432E+000                 -7.2531685016568792E-001                 -1.6923935443198324E+000 
                 6.9244470937950870E+000                  3.7291046016942783E-011                  2.0237021628122246E-002                  2.1236793375712682E-005                  1.0033611076089389E+002                  2.0203273250321844E-002                  9.9998413886527515E-001                  6.2884759350654367E+000                  6.4883033274839592E+000                 -1.0428395434471492E+001                  2.0014572616918334E+000                  3.4877756903161692E+000                 -7.2228020800369719E-001                 -1.6938534041667863E+000 
                 6.9541011214821866E+000                  3.4265663577532688E-011                  2.0170095174310593E-002                  2.1236793375712682E-005                  9.8398897467203795E+001                  2.0136628939484653E-002                  9.9998377185985743E-001                  6.2580168646005374E+000                  6.4600475561386537E+000                 -1.0465140853361534E+001                  1.9929902311493934E+000                  3.4807053644289772E+000                 -7.1924393474579817E-001                 -1.6952920525269275E+000 
                 6.9836856188570318E+000                  3.1466745723642910E-011                  2.0105231686330327E-002                  2.1236793375712682E-005                  9.6480120228420759E+001                  2.0071259732887349E-002                  9.9998287876225633E-001                  6.2380113269346333E+000                  6.4320038542113780E+000                 -1.0502148169299810E+001                  1.9844378348313603E+000                  3.4736566482631570E+000                 -7.1625947938785151E-001                 -1.6966909178599989E+000 
                 7.0133597709547582E+000                  2.8918857916589167E-011                  2.0041933578666307E-002                  2.1236793375712682E-005                  9.4613889102371985E+001                  2.0008029596890086E-002                  9.9998235267007296E-001                  6.2300258707507306E+000                  6.4041047940713227E+000                 -1.0538818862494978E+001                  1.9759548933553637E+000                  3.4665520395303622E+000                 -7.1328896461848523E-001                 -1.6980603815055890E+000 
                 7.0432518052235267E+000                  2.6561386829765221E-011                  1.9980132808800153E-002                  2.1236793375712682E-005                  9.2766873677184321E+001                  1.9945595073436191E-002                  9.9998130048570610E-001                  6.2220873824010718E+000                  6.3763972153397646E+000                 -1.0575749253220037E+001                  1.9673929195844966E+000                  3.4593424490300193E+000                 -7.1031775021382626E-001                 -1.6994016293263847E+000 
                 7.0734360622631156E+000                  2.4346422106006977E-011                  1.9920346700845630E-002                  2.1236793375712682E-005                  9.0905416266615205E+001                  1.9886665158070145E-002                  9.9998130048570610E-001                  6.2142956836924332E+000                  6.3493201485071280E+000                 -1.0613564852674735E+001                  1.9585897586725791E+000                  3.4520198532723128E+000                 -7.0734989042367913E-001                 -1.7007031072298988E+000 
                 7.1040545471542593E+000                  2.2313761952946534E-011                  1.9861253480440950E-002                  2.1236793375712682E-005                  8.9077760768470839E+001                  1.9828401997863336E-002                  9.9998130048570610E-001                  6.2066325366652100E+000                  6.3219644710027376E+000                 -1.0651427204360960E+001                  1.9497692900599191E+000                  3.4445805963987519E+000                 -7.0438191585406473E-001                 -1.7019933458476912E+000 
                 7.1347904698732583E+000                  2.0401247241283364E-011                  1.9803507484085405E-002                  2.1236793375712682E-005                  8.7231339362972733E+001                  1.9770821495383586E-002                  9.9998077439352273E-001                  6.1990802846366657E+000                  6.2944685802243372E+000                 -1.0690343280934444E+001                  1.9406725395771318E+000                  3.4371150124434844E+000                 -7.0144605413179950E-001                 -1.7032578831688587E+000 
                 7.1657144191067319E+000                  1.8629914670086196E-011                  1.9746609255636132E-002                  2.1236793375712682E-005                  8.5395673797717478E+001                  1.9714751278314693E-002                  9.9998077439352273E-001                  6.1917403959988704E+000                  6.2666133143861869E+000                 -1.0729789134282264E+001                  1.9314358684210913E+000                  3.4295870085255578E+000                 -6.9852961119974599E-001                 -1.7045074675306877E+000 
                 7.1965182379492019E+000                  1.7026037806512463E-011                  1.9691539941487837E-002                  2.1236793375712682E-005                  8.3611877849096899E+001                  1.9659851602211415E-002                  9.9998024830133936E-001                  6.1847551684778992E+000                  6.2388607893704080E+000                 -1.0768886406586692E+001                  1.9222679762368571E+000                  3.4221329976841921E+000                 -6.9568746369550061E-001                 -1.7057203193144335E+000 
                 7.2274434588457730E+000                  1.5512642450166323E-011                  1.9637473988574891E-002                  2.1236793375712682E-005                  8.1800894671537137E+001                  1.9606599588926216E-002                  9.9998024830133936E-001                  6.1778830024538873E+000                  6.2109498368926284E+000                 -1.0809314217416686E+001                  1.9127580524770482E+000                  3.4146299761256644E+000                 -6.9286817727524785E-001                 -1.7069143772098121E+000 
                 7.2583132502588912E+000                  1.4133157411720265E-011                  1.9584906184150475E-002                  2.1236793375712682E-005                  8.0025513701519415E+001                  1.9554245260249879E-002                  9.9997972220915599E-001                  6.1712614598871207E+000                  6.1830671439868352E+000                 -1.0849760803947305E+001                  1.9032284694763388E+000                  3.4071669735849204E+000                 -6.9010658612288700E-001                 -1.7080785044737026E+000 
                 7.2891417820888149E+000                  1.2880076883782068E-011                  1.9533799684498247E-002                  2.1236793375712682E-005                  7.8291690098171969E+001                  1.9503938311760189E-002                  9.9997972220915599E-001                  6.1502512569062997E+000                  6.1560291055664358E+000                 -1.0890081544576931E+001                  1.8937156671840638E+000                  3.3997489807503287E+000                 -6.8741248641743347E-001                 -1.7092132702039669E+000 
                 7.3200094780965452E+000                  1.1737450538797447E-011                  1.9483878990200845E-002                  2.1236793375712682E-005                  7.6592307088890507E+001                  1.9454806660307144E-002                  9.9997972220915599E-001                  6.1202296338679476E+000                  6.1272254795560031E+000                 -1.0930426224823604E+001                  1.8841851502169031E+000                  3.3923643333478273E+000                 -6.8477691630573356E-001                 -1.7103245763929811E+000 
                 7.3508632758543921E+000                  1.0628390533800089E-011                  1.9435752149704683E-002                  2.1236793375712682E-005                  7.4807582351640932E+001                  1.9406445583793147E-002                  9.9997919611697261E-001                  6.0907576477421070E+000                  6.0987730609389210E+000                 -1.0973532496079759E+001                  1.8739456181172360E+000                  3.3850914634362188E+000                 -6.8222044014764149E-001                 -1.7113986478217251E+000 
                 7.3807847076941959E+000                  9.5584112650712996E-012                  1.9391488025287659E-002                  2.1236793375712682E-005                  7.2932362101229799E+001                  1.9360968265368213E-002                  9.9997806566953085E-001                  6.0628871831998978E+000                  6.0715723735360134E+000                 -1.1019614287237642E+001                  1.8629202782268086E+000                  3.3781756602097532E+000                 -6.7982662585143872E-001                 -1.7123888636198119E+000 
                 7.4102036020082904E+000                  8.6010331879871435E-012                  1.9349969366719857E-002                  2.1236793375712682E-005                  7.1109386987950387E+001                  1.9318258987778090E-002                  9.9997693522208908E-001                  6.0362149784428993E+000                  6.0455890618887738E+000                 -1.1065449376559886E+001                  1.8519269331782580E+000                  3.3715276688435352E+000                 -6.7755574152143405E-001                 -1.7133197181838324E+000 
                 7.4400815833765632E+000                  7.7623581851427055E-012                  1.9309692083560571E-002                  2.1236793375712682E-005                  6.9380937709860078E+001                  1.9276234015217619E-002                  9.9997515624871480E-001                  6.0097851877117749E+000                  6.0198868109866446E+000                 -1.1110006321111348E+001                  1.8412401637070634E+000                  3.3649147813235025E+000                 -6.7532647030868853E-001                 -1.7142246515171737E+000 
                 7.4707477820646551E+000                  6.9896915895626282E-012                  1.9270221213385438E-002                  2.1236793375712682E-005                  6.7655105100947111E+001                  1.9235042171463702E-002                  9.9997331907383613E-001                  5.9832655548990505E+000                  5.9942220926062086E+000                 -1.1155541986472636E+001                  1.8303005715144394E+000                  3.3582571301460611E+000                 -6.7311642844194186E-001                 -1.7151132998125704E+000 
                 7.5021235283122465E+000                  6.2835755258011923E-012                  1.9231720262007639E-002                  2.1236793375712682E-005                  6.5943510508065444E+001                  1.9195391562241714E-002                  9.9997207489008200E-001                  5.9567768779509462E+000                  5.9687577924214139E+000                 -1.1201793160523964E+001                  1.8191720614601548E+000                  3.3515820789950488E+000                 -6.7093393547087476E-001                 -1.7159818667296642E+000 
                 7.5342456292194289E+000                  5.6427626159329409E-012                  1.9194167932418599E-002                  2.1236793375712682E-005                  6.4256596737647740E+001                  1.9155651083736909E-002                  9.9996946453826108E-001                  5.9303811433084750E+000                  5.9433763021397503E+000                 -1.1248508219579136E+001                  1.8079177182382267E+000                  3.3448972220401898E+000                 -6.6877520957846337E-001                 -1.7168307098133953E+000 
                 7.5671644398831148E+000                  5.0609422293277049E-012                  1.9157540351702116E-002                  2.1236793375712682E-005                  6.2591792722723419E+001                  1.9117902901211490E-002                  9.9996809545008347E-001                  5.9039591927775836E+000                  5.9182532592691084E+000                 -1.1295768620135865E+001                  1.7965173886982877E+000                  3.3381890382916661E+000                 -6.6664217747942911E-001                 -1.7176602510118810E+000 
                 7.6009036808325154E+000                  4.5374260220011974E-012                  1.9121821515155443E-002                  2.1236793375712682E-005                  6.0963119165617627E+001                  1.9081114551501997E-002                  9.9996672636190620E-001                  5.8775283552064561E+000                  5.8933153805055474E+000                 -1.1343190442616672E+001                  1.7850671775063600E+000                  3.3314602859900404E+000                 -6.6453530631870827E-001                 -1.7184707398684294E+000 
                 7.6355292721768766E+000                  4.0652726340878965E-012                  1.9086955741009676E-002                  2.1236793375712682E-005                  5.9365414739227042E+001                  1.9044648321032965E-002                  9.9996451965483135E-001                  5.8511889285072876E+000                  5.8685792825809235E+000                 -1.1390910323499298E+001                  1.7735335041213769E+000                  3.3247238013373424E+000                 -6.6245371435923905E-001                 -1.7192633335397756E+000 
                 7.6710791262436215E+000                  3.6411775514300364E-012                  1.9052921570867888E-002                  2.1236793375712682E-005                  5.7804160025743919E+001                  1.9008632576911908E-002                  9.9996157737873193E-001                  5.8249735589307123E+000                  5.8440113675551872E+000                 -1.1438758143442799E+001                  1.7619590924957267E+000                  3.3179967829476489E+000                 -6.6040251818204954E-001                 -1.7200384202602259E+000 
                 7.7075886376172127E+000                  3.2614306229820046E-012                  1.9019696193831336E-002                  2.1236793375712682E-005                  5.6283315024136563E+001                  1.8974189814818240E-002                  9.9995963776104035E-001                  5.7988869560673306E+000                  5.8195924658519722E+000                 -1.1486591855337583E+001                  1.7503796666084752E+000                  3.3112943862502884E+000                 -6.5838723839421043E-001                 -1.7207964244331146E+000 
                 7.7451652179436161E+000                  2.9205774410185567E-012                  1.8987199861017566E-002                  2.1236793375712682E-005                  5.4798180850686926E+001                  1.8940272189219787E-002                  9.9995722966370670E-001                  5.7729880037588170E+000                  5.7953114270255250E+000                 -1.1534531273669744E+001                  1.7387661388878497E+000                  3.3046238483091699E+000                 -6.5640893760150221E-001                 -1.7215390781579449E+000 
                 7.7837792843576397E+000                  2.6171028205711735E-012                  1.8955478348088906E-002                  2.1236793375712682E-005                  5.3360174727667250E+001                  1.8907427339517471E-002                  9.9995517708006343E-001                  5.7474186530556857E+000                  5.7712163610460179E+000                 -1.1582179214490617E+001                  1.7272172403671391E+000                  3.2980040301526787E+000                 -6.5446994297413030E-001                 -1.7222652515269596E+000 
                 7.8233969767231359E+000                  2.3468084138175477E-012                  1.8924673934594897E-002                  2.1236793375712682E-005                  5.1967835370572118E+001                  1.8875305573188370E-002                  9.9995263147513325E-001                  5.7220054623682515E+000                  5.7474433779656335E+000                 -1.1629522363412931E+001                  1.7157346246245710E+000                  3.2914051127703785E+000                 -6.5256331730956540E-001                 -1.7229715945029807E+000 
                 7.8643053153694735E+000                  2.1065804448019501E-012                  1.8894682990499286E-002                  2.1236793375712682E-005                  5.0623728503190286E+001                  1.8843571930046463E-002                  9.9994907217382045E-001                  5.6963376607908067E+000                  5.7239510162294662E+000                 -1.1676421951649164E+001                  1.7043541253902526E+000                  3.2847241285129143E+000                 -6.5066157013024239E-001                 -1.7236603901524603E+000 
                 7.9067311026548381E+000                  1.8933858991517605E-012                  1.8865525138086814E-002                  2.1236793375712682E-005                  4.9329277730739655E+001                  1.8812726718598429E-002                  9.9994533988065926E-001                  5.6700538232520117E+000                  5.7008490167842147E+000                 -1.1722760861581895E+001                  1.6931047534983483E+000                  3.2778704062698161E+000                 -6.4874219888614482E-001                 -1.7243311013350171E+000 
                 7.9511734058127512E+000                  1.7165160858208761E-012                  1.8836420589071725E-002                  2.1236793375712682E-005                  4.8171725332202136E+001                  1.8783087300509486E-002                  9.9994384861005270E-001                  5.6429737816125529E+000                  5.6773643073336064E+000                 -1.1765352122357362E+001                  1.6827921981246998E+000                  3.2707901899697780E+000                 -6.4678874656611085E-001                 -1.7250016209754540E+000 
                 7.9974818291650234E+000                  1.5657477221820876E-012                  1.8807114226493008E-002                  2.1236793375712682E-005                  4.7113870908925136E+001                  1.8752693826394579E-002                  9.9994086606883947E-001                  5.6156648231673651E+000                  5.6534406903815064E+000                 -1.1805278211428966E+001                  1.6731487842248454E+000                  3.2636240444685520E+000                 -6.4483803030473041E-001                 -1.7256778377115465E+000 
                 8.0451266898786571E+000                  1.4605963588129603E-012                  1.8776449010311464E-002                  2.1236793375712682E-005                  4.6339916197570282E+001                  1.8722380035255760E-002                  9.9994086606883914E-001                  5.5885731862765189E+000                  5.6278681776923740E+000                 -1.1835469786365669E+001                  1.6659552405304843E+000                  3.2565115234541646E+000                 -6.4291657174690697E-001                 -1.7263865377911760E+000 
                 8.0933830846552208E+000                  1.3630624207896584E-012                  1.8744774651230128E-002                  2.1236793375712682E-005                  4.5584610278112422E+001                  1.8690781663314796E-002                  9.9994012043353586E-001                  5.5621373966869703E+000                  5.6009511040757740E+000                 -1.1865484255402469E+001                  1.6588182425147973E+000                  3.2495516622187535E+000                 -6.4104674660759431E-001                 -1.7271197762782020E+000 
                 8.1408936928414484E+000                  1.2785213286070336E-012                  1.8713195302953501E-002                  2.1236793375712682E-005                  4.4898562986298316E+001                  1.8658018892781358E-002                  9.9993619803682932E-001                  5.5370864343210480E+000                  5.5733350509528625E+000                 -1.1893292022569927E+001                  1.6522324374880772E+000                  3.2429440871949899E+000                 -6.3927914850500067E-001                 -1.7278520498084906E+000 
                 8.1877476814351233E+000                  1.1996896708510284E-012                  1.8681934360755860E-002                  2.1236793375712682E-005                  4.4226821765702404E+001                  1.8625152537425055E-002                  9.9993076628918742E-001                  5.5133175701291979E+000                  5.5453375403494025E+000                 -1.1920931080341374E+001                  1.6456857272177825E+000                  3.2366552770553465E+000                 -6.3760639097955596E-001                 -1.7285781581536248E+000 
                 8.2337734535510396E+000                  1.1217249232220355E-012                  1.8651511908856742E-002                  2.1236793375712682E-005                  4.3525522543895121E+001                  1.8594022576567056E-002                  9.9992732934844963E-001                  5.4906208755136285E+000                  5.5176574274380172E+000                 -1.1950113630578509E+001                  1.6387439896390907E+000                  3.2306385766647243E+000                 -6.3601861236041879E-001                 -1.7292859581148083E+000 
                 8.2788711149551606E+000                  1.0556020472195782E-012                  1.8622509897376332E-002                  2.1236793375712682E-005                  4.2902773801480407E+001                  1.8563914320550202E-002                  9.9992254451120666E-001                  5.4688121914464274E+000                  5.4907023278493909E+000                 -1.1976499776186637E+001                  1.6324853672984194E+000                  3.2248578561738861E+000                 -6.3450680167191387E-001                 -1.7299617862375303E+000 
                 8.3243850490642650E+000                  9.9375390167051660E-013                  1.8594038856731318E-002                  2.1236793375712682E-005                  4.2292393777711460E+001                  1.8534788346312590E-002                  9.9991882758996919E-001                  5.4471042226418156E+000                  5.4637169494396503E+000                 -1.2002721153207775E+001                  1.6262622628308701E+000                  3.2190924236961860E+000                 -6.3301441862119989E-001                 -1.7306262658130007E+000 
                 8.3704057439288153E+000                  9.3612156501159958E-013                  1.8566309238555255E-002                  2.1236793375712682E-005                  4.1696508977244576E+001                  1.8506044603550969E-002                  9.9991363292319047E-001                  5.4253867929304755E+000                  5.4369122605817735E+000                 -1.2028667749995234E+001                  1.6200996908564138E+000                  3.2133029150749750E+000                 -6.3153235155496501E-001                 -1.7312744202578174E+000 
                 8.4169097642180493E+000                  8.7925712180473538E-013                  1.8539695072247835E-002                  2.1236793375712682E-005                  4.1077793099668263E+001                  1.8478489639136082E-002                  9.9990818830682326E-001                  5.4037615253535476E+000                  5.4109631100396731E+000                 -1.2055884105299365E+001                  1.6136070984516337E+000                  3.2075226161878292E+000                 -6.3007142930388271E-001                 -1.7318974131003233E+000 
                 8.4644200021415639E+000                  8.3070123141696072E-013                  1.8514037927062670E-002                  2.1236793375712682E-005                  4.0526589934212602E+001                  1.8451979263932664E-002                  9.9990248206009558E-001                  5.3817706518230031E+000                  5.3855395527324097E+000                 -1.2080555145743750E+001                  1.6077400572547793E+000                  3.2016318307390925E+000                 -6.2860502173672261E-001                 -1.7324988509288062E+000 
                 8.5142847639013652E+000                  7.8520717388160469E-013                  1.8488525128868644E-002                  2.1236793375712682E-005                  3.9987509270464606E+001                  1.8426306465457051E-002                  9.9989799699910564E-001                  5.3585596433965437E+000                  5.3600663222339104E+000                 -1.2105015741212934E+001                  1.6019243489752235E+000                  3.1953877406517202E+000                 -6.2708074529840507E-001                 -1.7330977321042871E+000 
                 8.5665718334170577E+000                  7.4239780888007952E-013                  1.8463657665098908E-002                  2.1236793375712682E-005                  3.9457514406155390E+001                  1.8400567366440669E-002                  9.9989023531389065E-001                  5.3339656996181706E+000                  5.3348776434052247E+000                 -1.2129363318568148E+001                  1.5961297189387669E+000                  3.1887422512994230E+000                 -6.2549277285794114E-001                 -1.7336822607089803E+000 
                 8.6215306184757505E+000                  7.0338474231965274E-013                  1.8440096131326543E-002                  2.1236793375712682E-005                  3.8953462606342995E+001                  1.8377207508068559E-002                  9.9988695203167410E-001                  5.3094412560082294E+000                  5.3129660274176453E+000                 -1.2152807056545447E+001                  1.5905460637030600E+000                  3.1821072565829729E+000                 -6.2393098841286809E-001                 -1.7342368192262163E+000 
                 8.6804859750218064E+000                  6.6722543151535470E-013                  1.8417577753051473E-002                  2.1236793375712682E-005                  3.8466379761013734E+001                  1.8354164753406222E-002                  9.9988022856436898E-001                  5.2855438499021412E+000                  5.2906321688738780E+000                 -1.2175727408778748E+001                  1.5850813100408701E+000                  3.1756331662127755E+000                 -6.2242683050188419E-001                 -1.7347674880184873E+000 
                 8.7438429198892820E+000                  6.2791819420015113E-013                  1.8395753853892794E-002                  2.1236793375712682E-005                  3.7909354970062104E+001                  1.8331968537019513E-002                  9.9987318403097625E-001                  5.2649244944795157E+000                  5.2700706409031977E+000                 -1.2202096932889651E+001                  1.5787463900924552E+000                  3.1700324662412744E+000                 -6.2114006288137980E-001                 -1.7352824101771089E+000 
                 8.8119613253797944E+000                  5.9157578834188526E-013                  1.8376909526404930E-002                  2.1236793375712682E-005                  3.7367649633463721E+001                  1.8312750027075275E-002                  9.9986580359071653E-001                  5.2498375982656134E+000                  5.2550113878668627E+000                 -1.2227989608854809E+001                  1.5724957774081407E+000                  3.1659294727515612E+000                 -6.2020446459757783E-001                 -1.7357275227910591E+000 
                 8.8910091299505272E+000                  5.6272358630950454E-013                  1.8364123426619399E-002                  2.1236793375712682E-005                  3.6916294445669180E+001                  1.8299433779761634E-002                  9.9985807174907193E-001                  5.2408429546019031E+000                  5.2460243984763757E+000                 -1.2249704881203943E+001                  1.5672180964109113E+000                  3.1634833336906953E+000                 -6.1964863661493264E-001                 -1.7360297969711667E+000 
                 8.9843016391492245E+000                  5.4961216431352478E-013                  1.8357873749206537E-002                  2.1236793375712682E-005                  3.6705599170031064E+001                  1.8292909182108290E-002                  9.9985411599938290E-001                  5.2365794727915400E+000                  5.2417538290555443E+000                 -1.2259943663801893E+001                  1.5647323128753883E+000                  3.1623241681353864E+000                 -6.1938557965193453E-001                 -1.7361776211990967E+000 
                 9.0909562436322613E+000                  5.4554136397870944E-013                  1.8355592463592117E-002                  2.1236793375712682E-005                  3.6639719566538275E+001                  1.8290405770287416E-002                  9.9985204416474727E-001                  5.2350026107281202E+000                  5.2401721542718862E+000                 -1.2263172314797639E+001                  1.5639521361307021E+000                  3.1618955212655511E+000                 -6.1928834330962401E-001                 -1.7362315932075976E+000 
                 9.2094063098350034E+000                  5.4434100484153463E-013                  1.8354924159594142E-002                  2.1236793375712682E-005                  3.6620214900412307E+001                  1.8289776629708737E-002                  9.9985204416474727E-001                  5.2345429573652886E+000                  5.2397105440482825E+000                 -1.2264128949339634E+001                  1.5637208836966221E+000                  3.1617705799036711E+000                 -6.1926000400825354E-001                 -1.7362474056104338E+000 
                 9.3377224868786648E+000                  5.4411196789081119E-013                  1.8354797018022104E-002                  2.1236793375712682E-005                  3.6616489030037933E+001                  1.8289656956343929E-002                  9.9985204416474727E-001                  5.2344558678073465E+000                  5.2396223756136981E+000                 -1.2264311721563718E+001                  1.5636766947894034E+000                  3.1617469082667586E+000                 -6.1925463442484452E-001                 -1.7362504139080390E+000 
                 9.4739248939532317E+000                  5.4408512292483393E-013                  1.8354782356695479E-002                  2.1236793375712682E-005                  3.6616052006785353E+001                  1.8289643169876763E-002                  9.9985204416474727E-001                  5.2344456017872423E+000                  5.2396119678790747E+000                 -1.2264333148970007E+001                  1.5636715113893762E+000                  3.1617441176175358E+000                 -6.1925400189370394E-001                 -1.7362507608111286E+000 
                 9.6162049252540474E+000                  5.4408325337463497E-013                  1.8354781344595349E-002                  2.1236793375712682E-005                  3.6616021561837030E+001                  1.8289642218682060E-002                  9.9985204416474727E-001                  5.2344448842467148E+000                  5.2396112403314268E+000                 -1.2264334641267251E+001                  1.5636711502887704E+000                  3.1617439225564277E+000                 -6.1925395769802871E-001                 -1.7362507847585396E+000 
                 9.6989700043360187E+000                  5.4408318477665895E-013                  1.8354781308084999E-002                  2.1236793375712682E-005                  3.6616020444117900E+001                  1.8289642184405586E-002                  9.9985204416474727E-001                  5.2344448577358644E+000                  5.2396112134516919E+000                 -1.2264334696023070E+001                  1.5636711370317533E+000                  3.1617439153488802E+000                 -6.1925395606616218E-001                 -1.7362507856224150E+000 
