                           1                            2                            3                            4                            5 
              version_number                 initial_mass                    initial_z                    burn_min1                    burn_min2 
                       10398      1.0000000000000000E+000      2.0000000000000000E-002      5.0000000000000000E+001      1.0000000000000000E+003 

                                       1                                        2                                        3                                        4                                        5                                        6                                        7                                        8                                        9                                       10                                       11                                       12                                       13                                       14 
                            log_star_age                               luminosity                                   radius                                star_mass                 surface_cell_temperature                           conv_mx1_top_r                             conv_mx1_top                           center_entropy                              max_entropy                                    log_L                                 log_Teff                             log_center_T                           log_center_Rho                                    log_R 
                 3.0564950491902430E+000                  1.3384725715203262E-007                  1.5487115672422028E-001                  9.0133452877088572E-005                  2.8073508242531176E+002                  9.6211589987733617E-002                  9.3471500892739878E-001                  8.4484185443688116E+000                  8.4614688567600282E+000                 -6.8733905241105342E+000                  2.4482965161560912E+000                  4.2186123054768885E+000                 -2.5049623437518009E-001                 -8.1002945791482261E-001 
                 3.1267729575604202E+000                  1.3420825987198584E-007                  1.5485514238606413E-001                  9.0133452877088572E-005                  2.8093860144066667E+002                  9.5738164001868215E-002                  9.3254117242598200E-001                  8.4483882697121295E+000                  8.4570277104667859E+000                 -6.8722207546108827E+000                  2.4486114136428840E+000                  4.2186076271455866E+000                 -2.5049217788996281E-001                 -8.1007436813858291E-001 
                 3.2114011581964026E+000                  1.3261311109063330E-007                  1.5468223531161632E-001                  9.0133452877088572E-005                  2.8025657931130246E+002                  9.5732375448080553E-002                  9.3254117242598200E-001                  8.4483579055987299E+000                  8.4570275889648787E+000                 -6.8774135363171744E+000                  2.4475558144309710E+000                  4.2186037041281699E+000                 -2.5048664876160159E-001                 -8.1055956056790235E-001 
                 3.3010299956639808E+000                  1.3071622679109163E-007                  1.5447241985611559E-001                  9.0133452877088572E-005                  2.7943855156192279E+002                  9.5725029427668473E-002                  9.3254117242598200E-001                  8.4483274722925668E+000                  8.4570274341911240E+000                 -6.8836704968234290E+000                  2.4462863190446500E+000                  4.2186003658568225E+000                 -2.5047997956840040E-001                 -8.1114905004838733E-001 
