                           1                            2                            3                            4                            5 
              version_number                 initial_mass                    initial_z                    burn_min1                    burn_min2 
                       10398      1.0000000000000000E+000      2.0000000000000000E-002      5.0000000000000000E+001      1.0000000000000000E+003 

                                       1                                        2                                        3                                        4                                        5                                        6                                        7                                        8                                        9                                       10                                       11                                       12                                       13                                       14 
                            log_star_age                               luminosity                                   radius                                star_mass                 surface_cell_temperature                           conv_mx1_top_r                             conv_mx1_top                           center_entropy                              max_entropy                                    log_L                                 log_Teff                             log_center_T                           log_center_Rho                                    log_R 
                 3.4981789125485649E+000                  3.3888281293286474E-008                  6.1571300343862670E-002                  4.0046524651343911E-005                  3.1582946378446275E+002                  2.4877448059000318E-002                  4.0064654714706627E-001                  8.3970453758127377E+000                  8.3972962528400288E+000                 -7.4699504566500670E+000                  2.4994526412180256E+000                  4.0887138890998465E+000                 -4.8450699024428739E-001                 -1.2106216743084579E+000 
                 3.5377038093091575E+000                  3.4237787234739498E-008                  6.1683685963641322E-002                  4.0046524651343911E-005                  3.1635207207282781E+002                  6.1183069926949080E-002                  9.9998985138569929E-001                  8.4005479544073296E+000                  8.4007979565531468E+000                 -7.4654943112494356E+000                  2.5001706816778433E+000                  4.0892709210792422E+000                 -4.8505993374278650E-001                 -1.2098296825277779E+000 
                 3.5889593553897621E+000                  3.4745838229895409E-008                  6.1846031613484051E-002                  4.0046524651343911E-005                  3.1710215920393063E+002                  6.1344503695395021E-002                  9.9998985138569929E-001                  8.4055820264235130E+000                  8.4058294840659773E+000                 -7.4590972066719106E+000                  2.5011991975075185E+000                  4.0900702933012836E+000                 -4.8585652192328921E-001                 -1.2086881618983654E+000 
                 3.6535309975119072E+000                  3.5487346680325736E-008                  6.2080862824815182E-002                  4.0046524651343911E-005                  3.1817710804871649E+002                  6.1578041985771978E-002                  9.9998985138569929E-001                  8.4128110910459029E+000                  8.4130523005140230E+000                 -7.4499264707896460E+000                  2.5026689283831201E+000                  4.0912157231164885E+000                 -4.8700419376686860E-001                 -1.2070422557084364E+000 
                 3.7323304433013704E+000                  3.6575729991577127E-008                  6.2421199521584377E-002                  4.0046524651343911E-005                  3.1971397161649787E+002                  6.1916557382674903E-002                  9.9998985138569929E-001                  8.4231794785879153E+000                  8.4234067409763274E+000                 -7.4368069973106472E+000                  2.5047616138679296E+000                  4.0928535401383757E+000                 -4.8865751469804214E-001                 -1.2046678899385554E+000 
                 3.8253823244830438E+000                  3.8185982817148324E-008                  6.2915794501178610E-002                  4.0046524651343911E-005                  3.2190340489512590E+002                  6.2408609287178486E-002                  9.9998985138569929E-001                  8.4380229757836229E+000                  8.4382220180098653E+000                 -7.4180960272017158E+000                  2.5077255688015994E+000                  4.0951880616209833E+000                 -4.9103731884598689E-001                 -1.2012403147514294E+000 
                 3.9318181572006847E+000                  4.0597960259659635E-008                  6.3637375536284832E-002                  4.0046524651343911E-005                  3.2501196019875857E+002                  6.3110511961869731E-002                  9.9998942786527101E-001                  8.4592115101804985E+000                  8.4593606132224082E+000                 -7.3914957858865380E+000                  2.5118993414340638E+000                  4.0984997790928075E+000                 -4.9445644246108184E-001                 -1.1962877393587703E+000 
                 4.0386156401933659E+000                  4.3849840474959949E-008                  6.4579654124301444E-002                  4.0046524651343911E-005                  3.2890734103033941E+002                  6.4048257974349945E-002                  9.9998942786527101E-001                  8.4860680998493105E+000                  8.4861581680780045E+000                 -7.3580319822516609E+000                  2.5170735653168617E+000                  4.1026622794413994E+000                 -4.9882686800407411E-001                 -1.1899042853069270E+000 
                 4.1304503936339092E+000                  4.7570066437638885E-008                  6.5619944718960169E-002                  4.0046524651343911E-005                  3.3300053331305190E+002                  6.5083904277982094E-002                  9.9998942786527101E-001                  8.5146916059859734E+000                  8.5147349188613717E+000                 -7.3226662420322777E+000                  2.5224449276272485E+000                  4.1070535085165076E+000                 -5.0353356669829996E-001                 -1.1829641398180091E+000 
                 4.2079614787651431E+000                  5.1616445204250974E-008                  6.6711681677611767E-002                  4.0046524651343911E-005                  3.3707418894374894E+002                  6.6171100415809522E-002                  9.9998942786527101E-001                  8.5436395655310893E+000                  8.5436395655310609E+000                 -7.2872119083806455E+000                  2.5277254968571632E+000                  4.1114445183757464E+000                 -5.0834503934323094E-001                 -1.1757981114520224E+000 
                 4.2744116983024725E+000                  5.5955141749342172E-008                  6.7842476667383758E-002                  4.0046524651343911E-005                  3.4106611367413831E+002                  6.7297484513477196E-002                  9.9998942786527101E-001                  8.5725345516382241E+000                  8.5725345516382241E+000                 -7.2521599997385593E+000                  2.5328385713136821E+000                  4.1157762923869905E+000                 -5.1319479101556098E-001                 -1.1684983060440168E+000 
                 4.3323790343604394E+000                  6.0575287763527960E-008                  6.9007533757707490E-002                  4.0046524651343911E-005                  3.4494911706855441E+002                  6.8458247705318054E-002                  9.9998942786527101E-001                  8.6012115399224367E+000                  8.6012115399224065E+000                 -7.2177045140651490E+000                  2.5377550364370940E+000                  4.1200261863083414E+000                 -5.1805121888227346E-001                 -1.1611034934541358E+000 
                 4.3836747811149923E+000                  6.5474135361034884E-008                  7.0203713391276901E-002                  4.0046524651343911E-005                  3.4871194169298951E+002                  6.9632718671285648E-002                  9.9998900434484261E-001                  8.6295315316111623E+000                  8.6295315316111623E+000                 -7.1839302280750985E+000                  2.5424668189411523E+000                  4.1241777981403507E+000                 -5.2289612482883785E-001                 -1.1536399154672270E+000 
                 4.4296063463461710E+000                  7.0641279001937201E-008                  7.1428871581877745E-002                  4.0046524651343911E-005                  3.5233611648003017E+002                  7.0853501515016029E-002                  9.9998900434484261E-001                  8.6573954940085720E+000                  8.6573954940085720E+000                 -7.1509414462020739E+000                  2.5469571620323581E+000                  4.1282190152992397E+000                 -5.2771710837844299E-001                 -1.1461262107131271E+000 
                 4.4711440028745519E+000                  7.6074823770421495E-008                  7.2681831098959412E-002                  4.0046524651343911E-005                  3.5581702809269899E+002                  7.2102168484552850E-002                  9.9998900434484261E-001                  8.6847631019060998E+000                  8.6847631019060998E+000                 -7.1187590450246372E+000                  2.5512267269163518E+000                  4.1321440375478309E+000                 -5.3250737305808793E-001                 -1.1385741398923952E+000 
                 4.5089990926879979E+000                  8.1769094190920491E-008                  7.3960651958785262E-002                  4.0046524651343911E-005                  3.5915039676929155E+002                  7.3376780223267921E-002                  9.9998900434484261E-001                  8.7116164170495605E+000                  8.7116164170495907E+000                 -7.0874108131817790E+000                  2.5552763495387416E+000                  4.1359502592369788E+000                 -5.3726057018543039E-001                 -1.1309992692157453E+000 
                 4.5437199226714720E+000                  8.7719596792175703E-008                  7.5262749912028887E-002                  4.0046524651343911E-005                  3.6233770958537406E+002                  7.4655543832818291E-002                  9.9998855989261259E-001                  8.7379162319010533E+000                  8.7379162319010533E+000                 -7.0569033732477697E+000                  2.5591135337621922E+000                  4.1396349392376406E+000                 -5.4196789716397187E-001                 -1.1234199176956421E+000 
                 4.5757502213970005E+000                  9.3918819484930333E-008                  7.6586581239861687E-002                  4.0046524651343911E-005                  3.6537702363817465E+002                  7.5975082828654200E-002                  9.9998855989261237E-001                  8.7636082097124586E+000                  8.7636082097124586E+000                 -7.0272473749380566E+000                  2.5627412327824701E+000                  4.1431968602663751E+000                 -5.4662050798582529E-001                 -1.1158473165813423E+000 
                 4.6054670153859032E+000                  1.0035804220739760E-007                  7.7930954469170130E-002                  4.0046524651343911E-005                  3.6826671390367437E+002                  7.7315292766190646E-002                  9.9998855989261237E-001                  8.7886492647718502E+000                  8.7886492647718502E+000                 -6.9984478195257935E+000                  2.5661624656708319E+000                  4.1466344799399169E+000                 -5.5121113763741747E-001                 -1.1082900046519339E+000 
                 4.6331680180793215E+000                  1.0704422555009914E-007                  7.9294563912549756E-002                  4.0046524651343911E-005                  3.7102102653065208E+002                  7.8674871522430342E-002                  9.9998855989261237E-001                  8.8130222448386863E+000                  8.8130222448386863E+000                 -6.9704367555471984E+000                  2.5693985218327051E+000                  4.1499460146240796E+000                 -5.5573519320227072E-001                 -1.1007565849863827E+000 
                 4.6591089259939755E+000                  1.1399270927415263E-007                  8.0678535814012964E-002                  4.0046524651343911E-005                  3.7365404151378664E+002                  8.0015218829451659E-002                  9.9998767098815233E-001                  8.8367840863855740E+000                  8.8367840863855740E+000                 -6.9431229243061408E+000                  2.5724696832176939E+000                  4.1531375538652293E+000                 -5.6020057417058666E-001                 -1.0932419921358312E+000 
                 4.6835011979676580E+000                  1.2117265325554987E-007                  8.2078811613730387E-002                  4.0046524651343911E-005                  3.7615344483327755E+002                  8.1411330768645207E-002                  9.9998767098815233E-001                  8.8599175005575859E+000                  8.8599175005575859E+000                 -6.9165953824823161E+000                  2.5753650426871144E+000                  4.1562056308761504E+000                 -5.6460045605614084E-001                 -1.0857689401627597E+000 
                 4.7065443733817203E+000                  1.2859590039539864E-007                  8.3497354250173919E-002                  4.0046524651343911E-005                  3.7852959726362582E+002                  8.2825944427212611E-002                  9.9998767098815233E-001                  8.8825002370915183E+000                  8.8825002370915183E+000                 -6.8907728763887475E+000                  2.5780998419427403E+000                  4.1591625037521505E+000                 -5.6894776296254912E-001                 -1.0783272856272277E+000 
                 4.7283893245986324E+000                  1.3626661788457387E-007                  8.4933217725725985E-002                  4.0046524651343911E-005                  3.8079216088700673E+002                  8.4258108079298538E-002                  9.9998767098815233E-001                  8.9045232293726304E+000                  8.9045232293726624E+000                 -6.8656105230660796E+000                  2.5806879985596720E+000                  4.1620124143008930E+000                 -5.7324101767845215E-001                 -1.0709224221997573E+000 
                 4.7491638917691326E+000                  1.4420487869018057E-007                  8.6385270659633931E-002                  4.0046524651343911E-005                  3.8296100848680288E+002                  8.5686204296821153E-002                  9.9998722653592231E-001                  8.9259513877550383E+000                  8.9259513877550383E+000                 -6.8410200464655295E+000                  2.5831545574571133E+000                  4.1647575269074864E+000                 -5.7747492714755644E-001                 -1.0635603016943644E+000 
                 4.7689953040082562E+000                  1.5237454497641514E-007                  8.7849595685475956E-002                  4.0046524651343911E-005                  3.8502385746011788E+002                  8.7147074590894866E-002                  9.9998722653592231E-001                  8.9467276909391469E+000                  8.9467276909391469E+000                 -6.8170875782695557E+000                  2.5854876401284175E+000                  4.1673948974893928E+000                 -5.8163822246104813E-001                 -1.0562602329389856E+000 
                 4.7880326322255353E+000                  1.6084308394097019E-007                  8.9337427067591235E-002                  4.0046524651343911E-005                  3.8700207754598506E+002                  8.8610025528993053E-002                  9.9998676013876298E-001                  8.9670026930885989E+000                  8.9670026930885669E+000                 -6.7935976085005745E+000                  2.5877132958190114E+000                  4.1699454995871008E+000                 -5.8575827683044768E-001                 -1.0489665594356832E+000 
                 4.8063155724882032E+000                  1.6959526971132543E-007                  9.0840972247216364E-002                  4.0046524651343911E-005                  3.8890360211688312E+002                  9.0067211303193617E-002                  9.9998582734444441E-001                  8.9866944193010330E+000                  8.9866944193010330E+000                 -6.7705862650917945E+000                  2.5898419650968347E+000                  4.1723984753265038E+000                 -5.8981527739829087E-001                 -1.0417182262869398E+000 
                 4.8239289927976623E+000                  1.7858981195117913E-007                  9.2358908079471669E-002                  4.0046524651343911E-005                  3.9070970043605200E+002                  9.1581859049880407E-002                  9.9998582734444452E-001                  9.0058363801214476E+000                  9.0058363801214814E+000                 -6.7481433200252310E+000                  2.5918541933227681E+000                  4.1747567389467966E+000                 -5.9381158796654054E-001                 -1.0345212102055252E+000 
