                           1                            2                            3                            4                            5 
              version_number                 initial_mass                    initial_z                    burn_min1                    burn_min2 
                       10398      1.0000000000000000E+000      2.0000000000000000E-002      5.0000000000000000E+001      1.0000000000000000E+003 

                                       1                                        2                                        3                                        4                                        5                                        6                                        7                                        8                                        9                                       10                                       11                                       12                                       13                                       14 
                            log_star_age                               luminosity                                   radius                                star_mass                 surface_cell_temperature                           conv_mx1_top_r                             conv_mx1_top                           center_entropy                              max_entropy                                    log_L                                 log_Teff                             log_center_T                           log_center_Rho                                    log_R 
                 3.4981789125485649E+000                  3.1716115097512231E-008                  1.9806825713483220E-001                  1.0011631162835978E-005                  1.7319781015332612E+002                  2.5285982838186009E-002                  3.4272670293646751E-001                  8.3407068544430079E+000                  8.3407068544430079E+000                 -7.4987200147668194E+000                  2.2385419744831312E+000                  3.8622482780668399E+000                 -9.8578132313862599E-001                 -7.0318511989704569E-001 
                 3.5268134605833148E+000                  3.4996420407854926E-008                  2.0785762516784032E-001                  1.0011631162835978E-005                  1.7328155794461946E+002                  1.9776635097052023E-001                  9.9764958832310102E-001                  8.3645817066103021E+000                  8.3645817066103021E+000                 -7.4559763749816943E+000                  2.2387523439602441E+000                  3.8635863263401156E+000                 -9.9584247791389524E-001                 -6.8223403895870860E-001 
                 3.5441959299420129E+000                  3.7299336484905163E-008                  2.1449423463103554E-001                  1.0011631162835978E-005                  1.7331928275577189E+002                  2.0360918939019484E-001                  9.9738430314002424E-001                  8.3799421547808919E+000                  8.3799421547808617E+000                 -7.4282988937545120E+000                  2.2388468831277279E+000                  3.8644042301009511E+000                 -1.0024422320108484E+000                 -6.6858437668008541E-001 
                 3.5549663553673869E+000                  3.8858163284934471E-008                  2.1889829367267583E-001                  1.0011631162835978E-005                  1.7333201962153143E+002                  2.0748404637560069E-001                  9.9720194777577797E-001                  8.3898059102302867E+000                  8.3898059102302867E+000                 -7.4105177311183619E+000                  2.2388787973339070E+000                  3.8649117440605099E+000                 -1.0067325138264933E+000                 -6.5975762377436820E-001 
                 3.5619390397544470E+000                  3.9932842199101434E-008                  2.2187985835899598E-001                  1.0011631162835978E-005                  1.7334169292393770E+002                  2.1028007486029029E-001                  9.9712900563007945E-001                  8.3963396172044593E+000                  8.3963396172044593E+000                 -7.3986697780235930E+000                  2.2389030337368245E+000                  3.8652401724238747E+000                 -1.0095972519641592E+000                 -6.5388212003281843E-001 
                 3.5676829620186288E+000                  4.0852732499846228E-008                  2.2441359708147460E-001                  1.0011631162835978E-005                  1.7334451824097425E+002                  2.1250459828344831E-001                  9.9701959241153160E-001                  8.4018088185446871E+000                  8.4018088185446871E+000                 -7.3887788896844011E+000                  2.2389101122971162E+000                  3.8655104824147219E+000                 -1.0120088382657184E+000                 -6.4895083298380629E-001 
                 3.5730818134973790E+000                  4.1753725599431227E-008                  2.2686282055585930E-001                  1.0011631162835978E-005                  1.7334908864552156E+002                  2.1473279506305054E-001                  9.9693680452630218E-001                  8.4070244219591181E+000                  8.4070244219591181E+000                 -7.3793047672441663E+000                  2.2389215627620738E+000                  3.8657643736379366E+000                 -1.0143200477301659E+000                 -6.4423667269360418E-001 
                 3.5783307835951699E+000                  4.2659889507547695E-008                  2.2931102121472022E-001                  1.0011631162835978E-005                  1.7334921750941902E+002                  2.1678437336053655E-001                  9.9679785408916177E-001                  8.4121662049217001E+000                  8.4121662049217001E+000                 -7.3699802737418283E+000                  2.2389218855795914E+000                  3.8660106215523031E+000                 -1.0166105325219561E+000                 -6.3957507157747029E-001 
                 3.5834657784507904E+000                  4.3579187694363887E-008                  2.3176945409334926E-001                  1.0011631162835978E-005                  1.7334890473918131E+002                  2.1911311995504834E-001                  9.9674169153725078E-001                  8.4172634993929929E+000                  8.4172634993929929E+000                 -7.3607208691595938E+000                  2.2389211020183368E+000                  3.8662510359336966E+000                 -1.0188921142839598E+000                 -6.3494380216384372E-001 
                 3.5885031132321350E+000                  4.4512913747767070E-008                  2.3424581690816657E-001                  1.0011631162835978E-005                  1.7334646996139702E+002                  2.2128586357265098E-001                  9.9662936643342892E-001                  8.4223308309779554E+000                  8.4223308309779554E+000                 -7.3515139765294384E+000                  2.2389150020299935E+000                  3.8664862602216781E+000                 -1.0211714362739246E+000                 -6.3032815587207924E-001 
                 3.5934443834038854E+000                  4.5463795528951793E-008                  2.3673813457048110E-001                  1.0011631162835978E-005                  1.7334516398044545E+002                  2.2347883400608587E-001                  9.9651704132960706E-001                  8.4273665067383998E+000                  8.4273665067383998E+000                 -7.3423343101757057E+000                  2.2389117300964760E+000                  3.8667163819492103E+000                 -1.0234472259198093E+000                 -6.2573177882817788E-001 
                 3.5982928366858666E+000                  4.6430533678437042E-008                  2.3924690155899972E-001                  1.0011631162835978E-005                  1.7334334628898239E+002                  2.2586523126307495E-001                  9.9646087877769596E-001                  8.4323705445984949E+000                  8.4323705445984949E+000                 -7.3331963244693350E+000                  2.2389071760988388E+000                  3.8669413865643727E+000                 -1.0257195483754458E+000                 -6.2115367797971821E-001 
                 3.6030509368780854E+000                  4.7408808663436170E-008                  2.4177068990810099E-001                  1.0011631162835978E-005                  1.7333743027961933E+002                  2.2801135500957942E-001                  9.9632047239791843E-001                  8.4373430911084366E+000                  8.4373430911084366E+000                 -7.3241409579355556E+000                  2.2388923538521155E+000                  3.8671613880498605E+000                 -1.0279881440943894E+000                 -6.1659635021938197E-001 
                 3.6077222105449871E+000                  4.8406334354344432E-008                  2.4431012396258012E-001                  1.0011631162835978E-005                  1.7333418998107132E+002                  2.3017860317804356E-001                  9.9618006601814102E-001                  8.4422854666886149E+000                  8.4422854666886149E+000                 -7.3150978037453216E+000                  2.2388842352564304E+000                  3.8673765622581344E+000                 -1.0302532584051804E+000                 -6.1205853593289472E-001 
                 3.6123105272051554E+000                  4.9416994562594046E-008                  2.4686359869309560E-001                  1.0011631162835978E-005                  1.7332849762324892E+002                  2.3233652243792582E-001                  9.9602987003637089E-001                  8.4472015350555800E+000                  8.4472015350555498E+000                 -7.3061236710053965E+000                  2.2388699726256771E+000                  3.8675874927738145E+000                 -1.0325153695599376E+000                 -6.0754294430142608E-001 
                 3.6168287118983624E+000                  5.0443221841174561E-008                  2.4944136695659977E-001                  1.0011631162835978E-005                  1.7331888389442301E+002                  2.3497029553222029E-001                  9.9602987003637089E-001                  8.4520997165832146E+000                  8.4520997165832430E+000                 -7.2971971825438811E+000                  2.2388458836822287E+000                  3.8677937655957093E+000                 -1.0347807942990168E+000                 -6.0303152218377087E-001 
                 3.6212774038972864E+000                  5.1489111260217876E-008                  2.5203682693253254E-001                  1.0011631162835978E-005                  1.7331105480545304E+002                  2.3734348859139970E-001                  9.9593583660651164E-001                  8.4569743735984950E+000                  8.4569743735984950E+000                 -7.2882846043489993E+000                  2.2388262654684361E+000                  3.8679957701873215E+000                 -1.0370449682795775E+000                 -5.9853599665874524E-001 
                 3.6256600442652802E+000                  5.2553331613376239E-008                  2.5465429696131647E-001                  1.0011631162835978E-005                  1.7330216059965082E+002                  2.3950535945323251E-001                  9.9576105889680233E-001                  8.4618340534572294E+000                  8.4618340534572294E+000                 -7.2793997467063170E+000                  2.2388039771843791E+000                  3.8681937848220582E+000                 -1.0393121101655531E+000                 -5.9404899126929045E-001 
                 3.6299749239021857E+000                  5.3639626330909021E-008                  2.5729431513646994E-001                  1.0011631162835978E-005                  1.7329489084746891E+002                  2.4176808143204759E-001                  9.9561088330318459E-001                  8.4666746605590344E+000                  8.4666746605590344E+000                 -7.2705142562303848E+000                  2.2387857588329498E+000                  3.8683873977766070E+000                 -1.0415810902153047E+000                 -5.8956980932846503E-001 
                 3.6342189582173856E+000                  5.4740440379886727E-008                  2.5995086256436573E-001                  1.0011631162835978E-005                  1.7328495526159179E+002                  2.4405310487901277E-001                  9.9546070770956696E-001                  8.4714895175312179E+000                  8.4714895175312179E+000                 -7.2616917130679219E+000                  2.2387608585391945E+000                  3.8685765757920918E+000                 -1.0438480578452678E+000                 -5.8510873715972345E-001 
                 3.6383962450517169E+000                  5.5857891390274789E-008                  2.6262424169356802E-001                  1.0011631162835978E-005                  1.7327389854282532E+002                  2.4678823758250282E-001                  9.9546070770956696E-001                  8.4762822487409721E+000                  8.4762822487409721E+000                 -7.2529154627426511E+000                  2.2387331468279807E+000                  3.8687617029911143E+000                 -1.0461139738823229E+000                 -5.8066518857466098E-001 
                 3.6425142137745317E+000                  5.6994726176515420E-008                  2.6532056975563811E-001                  1.0011631162835978E-005                  1.7326172162671017E+002                  2.4911993984154276E-001                  9.9531053211594922E-001                  8.4810571543447111E+000                  8.4810571543447111E+000                 -7.2441653285099932E+000                  2.2387026254780471E+000                  3.8689425400704942E+000                 -1.0483821631541226E+000                 -5.7622907875846452E-001 
                 3.6465694069998986E+000                  5.8150208013519435E-008                  2.6803572125869018E-001                  1.0011631162835978E-005                  1.7324906448834489E+002                  2.5147573098943737E-001                  9.9516035652233159E-001                  8.4858132309493985E+000                  8.4858132309493683E+000                 -7.2354487273850241E+000                  2.2386708981124155E+000                  3.8691194317117668E+000                 -1.0506509585818942E+000                 -5.7180732346471574E-001 
                 3.6505632935648613E+000                  5.9324878119481274E-008                  2.7076662048288602E-001                  1.0011631162835978E-005                  1.7323716569126799E+002                  2.5385216111069014E-001                  9.9501018092871396E-001                  8.4905472873802523E+000                  8.4905472873802523E+000                 -7.2267631453498327E+000                  2.2386410696696086E+000                  3.8692924384609753E+000                 -1.0529182882571904E+000                 -5.6740487556150687E-001 
                 3.6545015754112504E+000                  6.0526356984758721E-008                  2.7352023544471643E-001                  1.0011631162835978E-005                  1.7322908888375878E+002                  2.5604593133496428E-001                  9.9478378762820197E-001                  8.4952594829538306E+000                  8.4952594829538306E+000                 -7.2180554650107833E+000                  2.2386208211601155E+000                  3.8694610247043446E+000                 -1.0551859550820926E+000                 -5.6301053837299608E-001 
                 3.6583807294224084E+000                  6.1734342405743550E-008                  2.7628847982270754E-001                  1.0011631162835978E-005                  1.7321270197905338E+002                  2.5888267819492067E-001                  9.9478378762820197E-001                  8.4999496730748447E+000                  8.4999496730748145E+000                 -7.2094731735994806E+000                  2.2385797363923161E+000                  3.8696256518137591E+000                 -1.0574524356493831E+000                 -5.5863722313174535E-001 
                 3.6622002643952398E+000                  6.2965588026177008E-008                  2.7907332091828568E-001                  1.0011631162835978E-005                  1.7319927664935872E+002                  2.6132450506824756E-001                  9.9463307940227152E-001                  8.5046125597471285E+000                  8.5046125597471285E+000                 -7.2008967364742444E+000                  2.2385460738924312E+000                  3.8697860113690425E+000                 -1.0597155766984312E+000                 -5.5428167956935792E-001 
                 3.6659620178157497E+000                  6.4215659317330800E-008                  2.8187126102104682E-001                  1.0011631162835978E-005                  1.7318658774611185E+002                  2.6378385515386754E-001                  9.9448237117634108E-001                  8.5092481120137577E+000                  8.5092481120137577E+000                 -7.1923590540831670E+000                  2.2385142555001747E+000                  3.8699423593099622E+000                 -1.0619745720445357E+000                 -5.4994920158930649E-001 
                 3.6696705926255966E+000                  6.5485794559661471E-008                  2.8468857766023370E-001                  1.0011631162835978E-005                  1.7317339541312469E+002                  2.6606565121197523E-001                  9.9425630883744565E-001                  8.5138642878692039E+000                  8.5138642878692039E+000                 -7.1838528986867365E+000                  2.2384811722372913E+000                  3.8700947827273775E+000                 -1.0642338936615541E+000                 -5.4562995736532427E-001 
                 3.6733259394933038E+000                  6.6771520998711961E-008                  2.8752036588363317E-001                  1.0011631162835978E-005                  1.7315814685355699E+002                  2.6856969107556727E-001                  9.9410560061151532E-001                  8.5184586483646019E+000                  8.5184586483646019E+000                 -7.1754087307932650E+000                  2.2384429293149593E+000                  3.8702435909743915E+000                 -1.0664911327609186E+000                 -5.4133138757392374E-001 
                 3.6769335458033181E+000                  6.8082019107459685E-008                  2.9037077879108003E-001                  1.0011631162835978E-005                  1.7314544477504194E+002                  2.7099255158566338E-001                  9.9391541388774118E-001                  8.5230336482734810E+000                  8.5230336482734810E+000                 -7.1669675728672830E+000                  2.2384110703183318E+000                  3.8703886225404691E+000                 -1.0687482781374633E+000                 -5.3704709061767819E-001 
                 3.6804965876252402E+000                  6.9410025635157643E-008                  2.9324347321742189E-001                  1.0011631162835978E-005                  1.7312938730269903E+002                  2.7364061884909824E-001                  9.9380058127693227E-001                  8.5275945494567793E+000                  8.5275945494567793E+000                 -7.1585777951999248E+000                  2.2383707920712572E+000                  3.8705299494301202E+000                 -1.0710082457094849E+000                 -5.3277164528985022E-001 
                 3.6840115431152425E+000                  7.0766699984077658E-008                  2.9613396447597234E-001                  1.0011631162835978E-005                  1.7311812664267711E+002                  2.7601126893941141E-001                  9.9357091605531433E-001                  8.5321346538297522E+000                  8.5321346538297522E+000                 -7.1501710560850196E+000                  2.2383425438258948E+000                  3.8706675759735965E+000                 -1.0732670641948916E+000                 -5.2851177924167270E-001 
                 3.6874796454857162E+000                  7.2132798867711480E-008                  2.9903785968827035E-001                  1.0011631162835978E-005                  1.7310097989857363E+002                  2.7899384919084080E-001                  9.9357091605531433E-001                  8.5366552625075123E+000                  8.5366552625074821E+000                 -7.1418672161640151E+000                  2.2382995263561671E+000                  3.8708019144637427E+000                 -1.0755242168139014E+000                 -5.2427382434171510E-001 
                 3.6909075488470666E+000                  7.3527115509288672E-008                  3.0196058055377450E-001                  1.0011631162835978E-005                  1.7308768717584982E+002                  2.8140590739457005E-001                  9.9334125083369651E-001                  8.5411576029488963E+000                  8.5411576029488963E+000                 -7.1335524711963672E+000                  2.2382661745866748E+000                  3.8709326946359797E+000                 -1.0777813097041384E+000                 -5.2004974831890582E-001 
                 3.6942992994614543E+000                  7.4946472516785501E-008                  3.0491183579424563E-001                  1.0011631162835978E-005                  1.7307330063707522E+002                  2.8385428531721246E-001                  9.9311158561207857E-001                  8.5456553076691542E+000                  8.5456553076691542E+000                 -7.1252488031432106E+000                  2.2382300760673246E+000                  3.8710600808880180E+000                 -1.0800459315924724E+000                 -5.1582571725362780E-001 
                 3.6976476687536213E+000                  7.6388876840171885E-008                  3.0787970231535799E-001                  1.0011631162835978E-005                  1.7305988882659258E+002                  2.8632610645530315E-001                  9.9288192039046064E-001                  8.5501338965417375E+000                  8.5501338965417375E+000                 -7.1169698754377162E+000                  2.2381964203797371E+000                  3.8711840028011482E+000                 -1.0823097299492268E+000                 -5.1161894202570546E-001 
                 3.7009530274811961E+000                  7.7848946457775278E-008                  3.1086309506131049E-001                  1.0011631162835978E-005                  1.7304458743438695E+002                  2.8896336095729258E-001                  9.9270967147424716E-001                  8.5545915745580068E+000                  8.5545915745580068E+000                 -7.1087472604326702E+000                  2.2381580197783935E+000                  3.8713043972141294E+000                 -1.0845718609861659E+000                 -5.0743083332049554E-001 
                 3.7042160013360932E+000                  7.9332165271883853E-008                  3.1386188533873782E-001                  1.0011631162835978E-005                  1.7303041748218297E+002                  2.9162012920733021E-001                  9.9253742255803368E-001                  8.5590284059328869E+000                  8.5590284059328869E+000                 -7.1005506920292412E+000                  2.2381224556265531E+000                  3.8714213426645676E+000                 -1.0868321336213043E+000                 -5.0326142081510028E-001 
                 3.7074385116712221E+000                  8.0839715781901500E-008                  3.1687667002288034E-001                  1.0011631162835978E-005                  1.7301767828861847E+002                  2.9415604809272139E-001                  9.9230775733641585E-001                  8.5634457931180865E+000                  8.5634457931180865E+000                 -7.0923752220563969E+000                  2.2380904799477723E+000                  3.8715349276281259E+000                 -1.0890911186347609E+000                 -4.9910973447111623E-001 
                 3.7106199244081384E+000                  8.2366537187094570E-008                  3.1990513185557157E-001                  1.0011631162835978E-005                  1.7300414827616657E+002                  2.9671198133391774E-001                  9.9207809211479792E-001                  8.5678417542269365E+000                  8.5678417542269365E+000                 -7.0842491920246795E+000                  2.2380565167165707E+000                  3.8716451585444824E+000                 -1.0913476398612212E+000                 -4.9497879299285419E-001 
                 3.7137632940879586E+000                  8.3912625875137879E-008                  3.2294771744159051E-001                  1.0011631162835978E-005                  1.7298965656366173E+002                  2.9984400409658118E-001                  9.9207809211479792E-001                  8.5722187701453958E+000                  8.5722187701453958E+000                 -7.0761726883327274E+000                  2.2380201364705776E+000                  3.8717522290979911E+000                 -1.0936025698228369E+000                 -4.9086778065489273E-001 
                 3.7168729125002393E+000                  8.5485116456903189E-008                  3.2601008342118970E-001                  1.0011631162835978E-005                  1.7297627031784850E+002                  3.0216538660536779E-001                  9.9173359428237096E-001                  8.5765829826896685E+000                  8.5765829826896685E+000                 -7.0681094923280243E+000                  2.2379865286893912E+000                  3.8718561992775773E+000                 -1.0958593717641210E+000                 -4.8676896709016759E-001 
                 3.7199481615240084E+000                  8.7086132496975716E-008                  3.2909066781808105E-001                  1.0011631162835978E-005                  1.7296526067856973E+002                  3.0464153214858836E-001                  9.9144198730551603E-001                  8.5809317110010248E+000                  8.5809317110010248E+000                 -7.0600509960776447E+000                  2.2379588857208761E+000                  3.8719570431932619E+000                 -1.0981165467179974E+000                 -4.8268443302794850E-001 
                 3.7229911167208867E+000                  8.8707215095027740E-008                  3.3218637811342766E-001                  1.0011631162835978E-005                  1.7295305781577412E+002                  3.0783073347607109E-001                  9.9144198730551603E-001                  8.5852655339611825E+000                  8.5852655339611825E+000                 -7.0520410549312809E+000                  2.2379282447576987E+000                  3.8720550321918079E+000                 -1.1003735785532045E+000                 -4.7861818052841110E-001 
                 3.7260059517471693E+000                  9.0353462178147688E-008                  3.3530572497648192E-001                  1.0011631162835978E-005                  1.7293987215173294E+002                  3.1014853492548267E-001                  9.9106199314563792E-001                  8.5895927972461017E+000                  8.5895927972461017E+000                 -7.0440552014200728E+000                  2.2378951335749147E+000                  3.8721500634778909E+000                 -1.1026357527515951E+000                 -4.7455903140723910E-001 
                 3.7289887844328953E+000                  9.2019694045884332E-008                  3.3844140343971790E-001                  1.0011631162835978E-005                  1.7292503442983690E+002                  3.1296799538971798E-001                  9.9088521877959179E-001                  8.5939054022614858E+000                  8.5939054022614858E+000                 -7.0361192150443266E+000                  2.2378578708138299E+000                  3.8722421387147388E+000                 -1.1048982677825052E+000                 -4.7051651269719674E-001 
                 3.7319431725754595E+000                  9.3717492449109167E-008                  3.4159018077220510E-001                  1.0011631162835978E-005                  1.7291469148531812E+002                  3.1559859852334904E-001                  9.9062005723052271E-001                  8.5982051716893473E+000                  8.5982051716893473E+000                 -7.0281793401143826E+000                  2.2378318941355739E+000                  3.8723320063900779E+000                 -1.1071598120299979E+000                 -4.6649462187571189E-001 
                 3.7348763037703168E+000                  9.5441896330928555E-008                  3.4476611673501001E-001                  1.0011631162835978E-005                  1.7290274756377295E+002                  3.1846672290710176E-001                  9.9044328286447658E-001                  8.6025097704177966E+000                  8.6025097704177966E+000                 -7.0202609402736282E+000                  2.2378018945440012E+000                  3.8724194585876321E+000                 -1.1094315279693021E+000                 -4.6247542277218984E-001 
                 3.7377825713328945E+000                  9.7203543336188063E-008                  3.4796619020283581E-001                  1.0011631162835978E-005                  1.7289459563527581E+002                  3.2095851372681278E-001                  9.9008973413238432E-001                  8.6068036723768184E+000                  8.6068036723768184E+000                 -7.0123179035582313E+000                  2.2377814182394262E+000                  3.8725038431118128E+000                 -1.1117063058436036E+000                 -4.5846295180534186E-001 
                 3.7406646830233310E+000                  9.8987466952952056E-008                  3.5118755448375477E-001                  1.0011631162835978E-005                  1.7288404392779566E+002                  3.2348204837927008E-001                  9.8973618540029207E-001                  8.6110900518876843E+000                  8.6110900518877145E+000                 -7.0044197890159623E+000                  2.2377549125642897E+000                  3.8725853109669415E+000                 -1.1139855494204456E+000                 -4.5446088318393374E-001 
                 3.7435204237588162E+000                  1.0079565112447225E-007                  3.5443012866838347E-001                  1.0011631162835978E-005                  1.7287195804872329E+002                  3.2683019591072870E-001                  9.8973618540029207E-001                  8.6153702683341109E+000                  8.6153702683341109E+000                 -6.9965582053248969E+000                  2.2377245506963424E+000                  3.8726641849737007E+000                 -1.1162690324420519E+000                 -4.5046936760250655E-001 
                 3.7463489769961429E+000                  1.0263159984975555E-007                  3.5768280402189873E-001                  1.0011631162835978E-005                  1.7286244936674908E+002                  3.2959359333664495E-001                  9.8947102385122288E-001                  8.6196274951775216E+000                  8.6196274951775518E+000                 -6.9887189011400448E+000                  2.2377006621985429E+000                  3.8727401914760216E+000                 -1.1185476669542613E+000                 -4.4650193851448100E-001 
                 3.7491579961655019E+000                  1.0450356522745530E-007                  3.6096649659322599E-001                  1.0011631162835978E-005                  1.7285372698566158E+002                  3.3239423718758210E-001                  9.8920586230215368E-001                  8.6238876444697929E+000                  8.6238876444698249E+000                 -6.9808688929768650E+000                  2.2376787477964664E+000                  3.8728134316795941E+000                 -1.1208364898449212E+000                 -4.4253310562873877E-001 
                 3.7519394859565440E+000                  1.0640540033407721E-007                  3.6426604320962325E-001                  1.0011631162835978E-005                  1.7284665988366069E+002                  3.3492408145733787E-001                  9.8880811997854978E-001                  8.6281330411408330E+000                  8.6281649769704511E+000                 -6.9730363299754305E+000                  2.2376609915801087E+000                  3.8728839015584886E+000                 -1.1231250447600754E+000                 -4.3858131169530545E-001 
                 3.7546929618962301E+000                  1.0832709983730097E-007                  3.6757822048534022E-001                  1.0011631162835978E-005                  1.7283783269599041E+002                  3.3767008326895342E-001                  9.8849876483796895E-001                  8.6323611382778562E+000                  8.6324840735492998E+000                 -6.9652628837483395E+000                  2.2376388118234467E+000                  3.8729515928019991E+000                 -1.1254118561409219E+000                 -4.3465022906843692E-001 
                 3.7574186792905802E+000                  1.1027431887704851E-007                  3.7090254587659927E-001                  1.0011631162835978E-005                  1.7282959293668796E+002                  3.4072253975158573E-001                  9.8832199047192282E-001                  8.6365728318541723E+000                  8.6367878005529928E+000                 -6.9575256160147809E+000                  2.2376181070536432E+000                  3.8730166282811793E+000                 -1.1276970656618472E+000                 -4.3074018566205030E-001 
                 3.7601170843828622E+000                  1.1226113004903226E-007                  3.7424078269284222E-001                  1.0011631162835978E-005                  1.7282684993482084E+002                  3.4302876529401238E-001                  9.8779166737378421E-001                  8.6407661374417337E+000                  8.6410724188577763E+000                 -6.9497705903758433E+000                  2.2376112142543096E+000                  3.8730789289269394E+000                 -1.1299797595643486E+000                 -4.2684888724391384E-001 
                 3.7627903755894008E+000                  1.1424844437488887E-007                  3.7758908874815950E-001                  1.0011631162835978E-005                  1.7281533363943876E+002                  3.4649433645931194E-001                  9.8779166737378421E-001                  8.6449446265196705E+000                  8.6453415252856836E+000                 -6.9421497046410545E+000                  2.2375822741006663E+000                  3.8731386377394972E+000                 -1.1322615985646520E+000                 -4.2298056406923279E-001 
                 3.7654403723651204E+000                  1.1629253056476767E-007                  3.8095586944191662E-001                  1.0011631162835978E-005                  1.7281444418631480E+002                  3.4884604786531986E-001                  9.8726134427564560E-001                  8.6491100246879284E+000                  8.6495981152499066E+000                 -6.9344481789833363E+000                  2.2375800388813922E+000                  3.8731957973497115E+000                 -1.1345434726143602E+000                 -4.1912533080182640E-001 
                 3.7680681229177799E+000                  1.1834037979597973E-007                  3.8433464421253366E-001                  1.0011631162835978E-005                  1.7280563131935301E+002                  3.5234474051325659E-001                  9.8726134427564571E-001                  8.6532634126833656E+000                  8.6538427332782106E+000                 -6.9268670412527404E+000                  2.2375578909838505E+000                  3.8732504639470107E+000                 -1.1368258453192668E+000                 -4.1529046614144494E-001 
                 3.7706737557594519E+000                  1.2043077938907799E-007                  3.8772673573976790E-001                  1.0011631162835978E-005                  1.7280285680894272E+002                  3.5528875543451999E-001                  9.8699267211365915E-001                  8.6574043576035393E+000                  8.6580700323424153E+000                 -6.9192625030242496E+000                  2.2375509180384587E+000                  3.8733030203237910E+000                 -1.1391072270509455E+000                 -4.1147425113641556E-001 
                 3.7732628245679329E+000                  1.2254798047613731E-007                  3.9114170715017527E-001                  1.0011631162835978E-005                  1.7279807279423147E+002                  3.5798061191602959E-001                  9.8658966387067937E-001                  8.6615403452828055E+000                  8.6622974242852013E+000                 -6.9116938412890665E+000                  2.2375388944441599E+000                  3.8733528612128407E+000                 -1.1413940105544278E+000                 -4.0766587308022684E-001 
                 3.7758343379015686E+000                  1.2470382057423597E-007                  3.9457501339958384E-001                  1.0011631162835978E-005                  1.7279635138955967E+002                  3.6069887539511070E-001                  9.8618665562769958E-001                  8.6656694084612251E+000                  8.6665161022327499E+000                 -6.9041202407564954E+000                  2.2375345680685403E+000                  3.8734005020490319E+000                 -1.1436833669314685E+000                 -4.0387042006270207E-001 
                 3.7783882366289441E+000                  1.2689757007896632E-007                  3.9802650574447640E-001                  1.0011631162835978E-005                  1.7279721863634839E+002                  3.6316736697842245E-001                  9.8564931130372646E-001                  8.6697900508748358E+000                  8.6707258304269477E+000                 -6.8965466939919784E+000                  2.2375367477426420E+000                  3.8734457954003743E+000                 -1.1459748910246532E+000                 -4.0008800602864658E-001 
                 3.7809244641091762E+000                  1.2910315761199007E-007                  4.0149311811300809E-001                  1.0011631162835978E-005                  1.7279237811180292E+002                  3.6676238571292358E-001                  9.8564931130372635E-001                  8.6739025187083545E+000                  8.6749294257209950E+000                 -6.8890631356058254E+000                  2.2375245815488398E+000                  3.8734886725645801E+000                 -1.1482689550228440E+000                 -3.9632189444796606E-001 
                 3.7834430449614045E+000                  1.3135094110664652E-007                  4.0497403264953108E-001                  1.0011631162835978E-005                  1.7279219719167645E+002                  3.6982246611776831E-001                  9.8538063914173990E-001                  8.6780028197630639E+000                  8.6791424506536465E+000                 -6.8815668112223394E+000                  2.2375241270708908E+000                  3.8735292897827591E+000                 -1.1505626946702949E+000                 -3.9257282330032467E-001 
                 3.7859462170573419E+000                  1.3364072923703520E-007                  4.0847538913358850E-001                  1.0011631162835978E-005                  1.7279500328964491E+002                  3.7182176707865938E-001                  9.8457462265578033E-001                  8.6820971950024948E+000                  8.6833763705012252E+000                 -6.8740611632138195E+000                  2.2375311798349822E+000                  3.8735675602073778E+000                 -1.1528600874703021E+000                 -3.8883410482424813E-001 
                 3.7884321164019288E+000                  1.3594370381337037E-007                  4.1198863176562472E-001                  1.0011631162835978E-005                  1.7279317176347007E+002                  3.7546832208420300E-001                  9.8457462265578033E-001                  8.6861822959362893E+000                  8.6875995476021490E+000                 -6.8666409018126391E+000                  2.2375265765400503E+000                  3.8736037211330427E+000                 -1.1551583857286520E+000                 -3.8511476753379370E-001 
                 3.7909040433838777E+000                  1.3829758359942116E-007                  4.1552415731645109E-001                  1.0011631162835978E-005                  1.7279649456695427E+002                  3.7859873342400691E-001                  9.8430595049379377E-001                  8.6902629786793870E+000                  8.6918163817354479E+000                 -6.8591854080223262E+000                  2.2375349275105374E+000                  3.8736375655491786E+000                 -1.1574611366973337E+000                 -3.8140372257961125E-001 
                 3.7933612621953197E+000                  1.4068171558521537E-007                  4.1907747088803848E-001                  1.0011631162835978E-005                  1.7279917911787095E+002                  3.8121831456080196E-001                  9.8376860616982087E-001                  8.6943369534132344E+000                  8.6960336390310609E+000                 -6.8517623441889777E+000                  2.2375416750286674E+000                  3.8736690819590689E+000                 -1.1597670273391181E+000                 -3.7770568569919727E-001 
                 3.7958028275887763E+000                  1.4311054640183167E-007                  4.2264430823246624E-001                  1.0011631162835978E-005                  1.7280639722645151E+002                  3.8333441142766067E-001                  9.8296258968386141E-001                  8.6984016766891674E+000                  8.7002358808813014E+000                 -6.8443283601231943E+000                  2.2375598158504295E+000                  3.8736987224293893E+000                 -1.1620730864403801E+000                 -3.7402497530982948E-001 
                 3.7982317491309199E+000                  1.4555506631444469E-007                  4.2622461582215859E-001                  1.0011631162835978E-005                  1.7280925020391126E+002                  3.8705485373209897E-001                  9.8296258968386141E-001                  8.7024592262410057E+000                  8.7044314414030985E+000                 -6.8369726735359624E+000                  2.2375669858498295E+000                  3.8737262379007333E+000                 -1.1643813553020141E+000                 -3.7036147201501374E-001 
                 3.8006509243440449E+000                  1.4803215129679002E-007                  4.2982384976516136E-001                  1.0011631162835978E-005                  1.7281171335397372E+002                  3.8974959683257171E-001                  9.8242524535988851E-001                  8.7065158032572008E+000                  8.7086254848973592E+000                 -6.8296439493730370E+000                  2.2375731760568134E+000                  3.8737518077139068E+000                 -1.1666949161227826E+000                 -3.6670949034751826E-001 
                 3.8030612631217737E+000                  1.5055487143921225E-007                  4.3344647701724015E-001                  1.0011631162835978E-005                  1.7281657070230034E+002                  3.9351570238153061E-001                  9.8242524535988851E-001                  8.7105711314961312E+000                  8.7128090743529683E+000                 -6.8223051876441403E+000                  2.2375853826019729E+000                  3.8737752060324531E+000                 -1.1690143427223059E+000                 -3.6306452257338950E-001 
                 3.8054627468650590E+000                  1.5312974352209651E-007                  4.3709517940984244E-001                  1.0011631162835978E-005                  1.7282489376935840E+002                  3.9613288564546634E-001                  9.8181570870662249E-001                  8.7146282275847806E+000                  8.7170150323682645E+000                 -6.8149404448803672E+000                  2.2376062985992462E+000                  3.8737962978078895E+000                 -1.1713418596008898E+000                 -3.5942398318604973E-001 
                 3.8078528633985043E+000                  1.5573029070102067E-007                  4.4076092335725037E-001                  1.0011631162835978E-005                  1.7283080377513951E+002                  3.9929318021427529E-001                  9.8147484421534292E-001                  8.7186793310099446E+000                  8.7212057775128979E+000                 -6.8076269057052103E+000                  2.2376211496977767E+000                  3.8738151699979499E+000                 -1.1736726058503666E+000                 -3.5579691579553174E-001 
                 3.8102304863383085E+000                  1.5837746837898493E-007                  4.4444351793416509E-001                  1.0011631162835978E-005                  1.7284008814195249E+002                  4.0233731214424784E-001                  9.8106178739477035E-001                  8.7227244261939543E+000                  8.7253890130480745E+000                 -6.8003066033948887E+000                  2.2376444791093340E+000                  3.8738320403305555E+000                 -1.1760058722654858E+000                 -3.5218342346348508E-001 
                 3.8125963954678417E+000                  1.6105701918495973E-007                  4.4813687038791061E-001                  1.0011631162835978E-005                  1.7284984484008734E+002                  4.0539857331664136E-001                  9.8064873057419766E-001                  8.7267587154769366E+000                  8.7295600156915185E+000                 -6.7930203430152485E+000                  2.2376689940271604E+000                  3.8738469315295432E+000                 -1.1783387631445581E+000                 -3.4858932310931812E-001 
                 3.8149528687173317E+000                  1.6379191592997057E-007                  4.5185004132591916E-001                  1.0011631162835978E-005                  1.7286432346157400E+002                  4.0771077870875183E-001                  9.7982261693305228E-001                  8.7307882344548080E+000                  8.7337267051792935E+000                 -6.7857075369690332E+000                  2.2377053708155565E+000                  3.8738596862373078E+000                 -1.1806753677191453E+000                 -3.4500567366300344E-001 
                 3.8172995935003007E+000                  1.6653242698152824E-007                  4.5556980541844666E-001                  1.0011631162835978E-005                  1.7287279556400708E+002                  4.1158582410100147E-001                  9.7982261693305228E-001                  8.7348194172680422E+000                  8.7378625453392917E+000                 -6.7785011886564277E+000                  2.2377266551219650E+000                  3.8738715227152447E+000                 -1.1830155032904244E+000                 -3.4144506811951769E-001 
                 3.8196406351133940E+000                  1.6931790882247383E-007                  4.5930629021092395E-001                  1.0011631162835978E-005                  1.7288365902665865E+002                  4.1470915020045107E-001                  9.7940956011247959E-001                  8.7388377984670633E+000                  8.7420347336914048E+000                 -6.7712971039617207E+000                  2.2377539456697604E+000                  3.8738808310373654E+000                 -1.1853559140488412E+000                 -3.3789760686775444E-001 
                 3.8219799688123914E+000                  1.7217803237010539E-007                  4.6307835144649789E-001                  1.0011631162835978E-005                  1.7290064526830389E+002                  4.1711144978256820E-001                  9.7858344647133411E-001                  8.7428659885019808E+000                  8.7461988012948062E+000                 -6.7640222595550306E+000                  2.2377966140683010E+000                  3.8738878947248931E+000                 -1.1877090235736711E+000                 -3.3434552146149049E-001 
                 3.8243103829671803E+000                  1.7504088617986874E-007                  4.6685863105853503E-001                  1.0011631162835978E-005                  1.7291059209519275E+002                  4.2105349340856263E-001                  9.7858344647133400E-001                  8.7468855802059533E+000                  8.7503534253251978E+000                 -6.7568604966374952E+000                  2.2378215979443143E+000                  3.8738930032246053E+000                 -1.1900630338087494E+000                 -3.3081460775474880E-001 
                 3.8266318713968106E+000                  1.7796624989044246E-007                  4.7065900208494182E-001                  1.0011631162835978E-005                  1.7292613933497745E+002                  4.2425819842066365E-001                  9.7817038965076131E-001                  8.7509010032737535E+000                  8.7545046344249222E+000                 -6.7496623509276432E+000                  2.2378606456641732E+000                  3.8738960551659201E+000                 -1.1924209013322520E+000                 -3.2729363033954145E-001 
                 3.8289432201285081E+000                  1.8093261678832846E-007                  4.7447009397260903E-001                  1.0011631162835978E-005                  1.7294348744475386E+002                  4.2710354116369148E-001                  9.7755080441990228E-001                  8.7549067566418000E+000                  8.7586305806799327E+000                 -6.7424831356591426E+000                  2.2379042123703172E+000                  3.8738972386472210E+000                 -1.1947787758591411E+000                 -3.2379115611757975E-001 
                 3.8312467998184445E+000                  1.8394791462100541E-007                  4.7829131330676400E-001                  1.0011631162835978E-005                  1.7296446534727383E+002                  4.2922441528524063E-001                  9.7651816236847044E-001                  8.7589035284831134E+000                  8.7627335925389858E+000                 -6.7353051313105583E+000                  2.2379568887398160E+000                  3.8738968685970216E+000                 -1.1971360388169019E+000                 -3.2030750668228392E-001 
                 3.8335469179664488E+000                  1.8698619911314281E-007                  4.8213112417395348E-001                  1.0011631162835978E-005                  1.7298132621835214E+002                  4.3323243705571041E-001                  9.7651816236847044E-001                  8.7628999429740606E+000                  8.7668636101517290E+000                 -6.7281904462452573E+000                  2.2379992224411343E+000                  3.8738943236397883E+000                 -1.1994998272541744E+000                 -3.1683483155227032E-001 
                 3.8358411672431436E+000                  1.9005391126196115E-007                  4.8597707042761451E-001                  1.0011631162835978E-005                  1.7299786036523045E+002                  4.3614031963365757E-001                  9.7589857713761141E-001                  8.7668898378514726E+000                  8.7709800511157177E+000                 -6.7211231882970877E+000                  2.2380407318106905E+000                  3.8738906532714181E+000                 -1.2018630644957715E+000                 -3.1338422131729793E-001 
                 3.8381352820382251E+000                  1.9318155029739155E-007                  4.8985025828536538E-001                  1.0011631162835978E-005                  1.7301715231979935E+002                  4.4018467923041521E-001                  9.7589857713761141E-001                  8.7708828378234358E+000                  8.7751037467854687E+000                 -6.7140343530066700E+000                  2.2380891592860417E+000                  3.8738846392683226E+000                 -1.2042354417813039E+000                 -3.0993665862279124E-001 
                 3.8404267649319674E+000                  1.9636648126405603E-007                  4.9374441952412063E-001                  1.0011631162835978E-005                  1.7303946259896898E+002                  4.4351700415376916E-001                  9.7548552031703872E-001                  8.7748753533486763E+000                  8.7792276800162252E+000                 -6.7069326420296820E+000                  2.2381451576634848E+000                  3.8738766655135128E+000                 -1.2066135900171022E+000                 -3.0649779988918313E-001 
                 3.8427143491414455E+000                  1.9958471657953899E-007                  4.9764636584150218E-001                  1.0011631162835978E-005                  1.7306164223958487E+002                  4.4649837645889828E-001                  9.7486593508617958E-001                  8.7788613856009032E+000                  8.7833559938377928E+000                 -6.6998727183557687E+000                  2.2382008201884478E+000                  3.8738672205617206E+000                 -1.2089923738438701E+000                 -3.0307916310215349E-001 
                 3.8449986365492723E+000                  2.0285713087347077E-007                  5.0156787765965494E-001                  1.0011631162835978E-005                  1.7308607530859987E+002                  4.4914660801258444E-001                  9.7403982144503409E-001                  8.7828444946065627E+000                  8.7874984384150796E+000                 -6.6928097212869035E+000                  2.2382621304943258E+000                  3.8738557121734352E+000                 -1.2113758542124105E+000                 -2.9967028517947675E-001 
                 3.8472773339117818E+000                  2.0614706815048065E-007                  5.0549167442035225E-001                  1.0011631162835978E-005                  1.7310782723526378E+002                  4.5252920478001762E-001                  9.7362676462446129E-001                  8.7868178895519069E+000                  8.7916004958935741E+000                 -6.6858228374094200E+000                  2.2383167053526596E+000                  3.8738427127447976E+000                 -1.2137581531118229E+000                 -2.9628599295740288E-001 
                 3.8495526918206666E+000                  2.0949545678228376E-007                  5.0943281908377791E-001                  1.0011631162835978E-005                  1.7313290276172143E+002                  4.5593295057159322E-001                  9.7321370780388861E-001                  8.7907853140741601E+000                  8.7956982850654661E+000                 -6.6788253909114266E+000                  2.2383796105028146E+000                  3.8738277548021331E+000                 -1.2161430303444323E+000                 -2.9291308000871646E-001 
                 3.8518237832541997E+000                  2.1290720781051421E-007                  5.1338442532093242E-001                  1.0011631162835978E-005                  1.7316322467233982E+002                  4.5842994689249367E-001                  9.7226654721093997E-001                  8.7947423709291428E+000                  8.7997851732800587E+000                 -6.6718096356056167E+000                  2.2384556647105431E+000                  3.8738110884862587E+000                 -1.2185270824242660E+000                 -2.8955731077126806E-001 
                 3.8540924005779864E+000                  2.1632296475685856E-007                  5.1733959222778969E-001                  1.0011631162835978E-005                  1.7318776873427566E+002                  4.6256929963113624E-001                  9.7226654721094008E-001                  8.7986935902032055E+000                  8.8038549263720398E+000                 -6.6648973735901560E+000                  2.2385172166139098E+000                  3.8737931820052087E+000                 -1.2209114357804038E+000                 -2.8622428357027163E-001 
                 3.8563589248921848E+000                  2.1978199777397666E-007                  5.2129427374033244E-001                  1.0011631162835978E-005                  1.7321518829818061E+002                  4.6562701817431618E-001                  9.7163510681564080E-001                  8.8026290778903498E+000                  8.8079204477921653E+000                 -6.6580078832847311E+000                  2.2385859702251758E+000                  3.8737737648972979E+000                 -1.2232911738677517E+000                 -2.8291704564009074E-001 
                 3.8586242673671487E+000                  2.2330786723501953E-007                  5.2526287695938156E-001                  1.0011631162835978E-005                  1.7324753740816249E+002                  4.6816920514829397E-001                  9.7068794622269261E-001                  8.8065550387542846E+000                  8.8119711732607158E+000                 -6.6510959762721793E+000                  2.2386670701315508E+000                  3.8737524753706611E+000                 -1.2256711589714653E+000                 -2.7962329194656371E-001 
                 3.8608904383200917E+000                  2.2685612870728936E-007                  5.2924593274411647E-001                  1.0011631162835978E-005                  1.7327594769252391E+002                  4.7234083511713576E-001                  9.7068794622269250E-001                  8.8104834782036043E+000                  8.8160234690391803E+000                 -6.6442494834122767E+000                  2.2387382827980189E+000                  3.8737297086336513E+000                 -1.2280571524922361E+000                 -2.7634247084954994E-001 
                 3.8631611855944015E+000                  2.3047543534743356E-007                  5.3325295302069864E-001                  1.0011631162835978E-005                  1.7330813350041097E+002                  4.7547114515489847E-001                  9.7005650582739356E-001                  8.8144126119366053E+000                  8.8200721746111110E+000                 -6.6373753560078077E+000                  2.2388189446535076E+000                  3.8737047518209340E+000                 -1.2304504806945094E+000                 -2.7306673085829297E-001 
                 3.8654335950619054E+000                  2.3416037314963375E-007                  5.3727243014664039E-001                  1.0011631162835978E-005                  1.7334466932886647E+002                  4.7756424092076621E-001                  9.6879362503679511E-001                  8.8183353988164814E+000                  8.8240842529284116E+000                 -6.6304865984974883E+000                  2.2389104908286503E+000                  3.8736781768903703E+000                 -1.2328451154715558E+000                 -2.6980544445341842E-001 
                 3.8677074216333653E+000                  2.3783507988663823E-007                  5.4129419893075670E-001                  1.0011631162835978E-005                  1.7337309807953108E+002                  4.8178206771699078E-001                  9.6879362503679511E-001                  8.8222510397440015E+000                  8.8281289412930679E+000                 -6.6237240879949493E+000                  2.2389817098443046E+000                  3.8736500307593489E+000                 -1.2352404420379905E+000                 -2.6656662723345659E-001 
                 3.8699830981849619E+000                  2.4158651856464604E-007                  5.4532784128090439E-001                  1.0011631162835978E-005                  1.7340785119965210E+002                  4.8496057419781741E-001                  9.6816218464149595E-001                  8.8261586321493901E+000                  8.8321930193986375E+000                 -6.6169273046384154E+000                  2.2390687566599352E+000                  3.8736203267860922E+000                 -1.2376358965686254E+000                 -2.6334232918645140E-001 
                 3.8722623139090868E+000                  2.4537915210697956E-007                  5.4936126333138791E-001                  1.0011631162835978E-005                  1.7344421418540566E+002                  4.8814494747548270E-001                  9.6753074424619667E-001                  8.8300625904369401E+000                  8.8362377446562910E+000                 -6.6101623385508042E+000                  2.2391598170351732E+000                  3.8735901056557016E+000                 -1.2400306161099166E+000                 -2.6014196689312197E-001 
                 3.8745520899697796E+000                  2.4925591425718165E-007                  5.5342439156696199E-001                  1.0011631162835978E-005                  1.7348488321178061E+002                  4.9032976968389680E-001                  9.6626786345559823E-001                  8.8339720018474459E+000                  8.8402639540506804E+000                 -6.6033545281064336E+000                  2.2392616380622425E+000                  3.8735578024907120E+000                 -1.2424351603961099E+000                 -2.5694170372507574E-001 
                 3.8768500193857967E+000                  2.5314349634550948E-007                  5.5749193025901533E-001                  1.0011631162835978E-005                  1.7352091100754797E+002                  4.9459891339514678E-001                  9.6626786345559823E-001                  8.8378728972315805E+000                  8.8442981880552480E+000                 -6.5966332258419831E+000                  2.2393518191069246E+000                  3.8735238322664292E+000                 -1.2448399509999712E+000                 -2.5376141468221408E-001 
                 3.8791599104849017E+000                  2.5709035210914299E-007                  5.6157713592309866E-001                  1.0011631162835978E-005                  1.7355860637162559E+002                  4.9785696000512369E-001                  9.6563642306029895E-001                  8.8417799806956374E+000                  8.8483268764490131E+000                 -6.5899142209237676E+000                  2.2394461541971120E+000                  3.8734887818331045E+000                 -1.2472516757831984E+000                 -2.5059058240348137E-001 
                 3.8814874150873360E+000                  2.6113754738497501E-007                  5.6569783815362473E-001                  1.0011631162835978E-005                  1.7360190594965906E+002                  5.0013443017594272E-001                  9.6437354226970073E-001                  8.8457004510064170E+000                  8.8523729290759938E+000                 -6.5831306791164153E+000                  2.2395544889159171E+000                  3.8734515232470517E+000                 -1.2496783362124482E+000                 -2.4741548093741556E-001 
                 3.8838259610052233E+000                  2.6521623354773749E-007                  5.6983193351294648E-001                  1.0011631162835978E-005                  1.7364250892742353E+002                  5.0447648942038825E-001                  9.6437354226970085E-001                  8.8496180796476498E+000                  8.8564241703621658E+000                 -6.5763998968417940E+000                  2.2396560522416937E+000                  3.8734124108867722E+000                 -1.2521092304532826E+000                 -2.4425321645165801E-001 
                 3.8861724448564776E+000                  2.6933621935428069E-007                  5.7397029502677710E-001                  1.0011631162835978E-005                  1.7368343502527597E+002                  5.0780767612083288E-001                  9.6374210187440190E-001                  8.8535296787541782E+000                  8.8604639820047648E+000                 -6.5697052403203600E+000                  2.2397583997867647E+000                  3.8733721418556422E+000                 -1.2545401665686393E+000                 -2.4111058328108290E-001 
                 3.8885291164066240E+000                  2.7352350222355383E-007                  5.7811382648505460E-001                  1.0011631162835978E-005                  1.7372863293422355E+002                  5.1064340620165460E-001                  9.6279494128145349E-001                  8.8574303068165570E+000                  8.8644906058024056E+000                 -6.5630053514238540E+000                  2.2398714022090367E+000                  3.8733305020598028E+000                 -1.2569689708197993E+000                 -2.3798664367737354E-001 
                 3.8909004564168939E+000                  2.7774883093211958E-007                  5.8226929040395958E-001                  1.0011631162835978E-005                  1.7377229448701084E+002                  5.1501086756616121E-001                  9.6279494128145349E-001                  8.8613293854436144E+000                  8.8685247627699813E+000                 -6.5563477603647646E+000                  2.2399805353907447E+000                  3.8732872156254308E+000                 -1.2594021088198994E+000                 -2.3487611451124438E-001 
                 3.8932845128391484E+000                  2.8203502409842523E-007                  5.8643700706231838E-001                  1.0011631162835978E-005                  1.7381789850055449E+002                  5.1812525310431679E-001                  9.6199915455097607E-001                  8.8652266720146944E+000                  8.8725539153514248E+000                 -6.5496969561197265E+000                  2.2400944948874892E+000                  3.8732424441189908E+000                 -1.2618389067847400E+000                 -2.3177863138221552E-001 
                 3.8956800969745586E+000                  2.8638234810107834E-007                  5.9060855133313195E-001                  1.0011631162835978E-005                  1.7386658109592409E+002                  5.2099036094333206E-001                  9.6103902148532017E-001                  8.8691131952826989E+000                  8.8765460450300075E+000                 -6.5430537543758867E+000                  2.2402161142525339E+000                  3.8731964192872299E+000                 -1.2642733321582220E+000                 -2.2870026924038458E-001 
                 3.8980918725830889E+000                  2.9076285177600422E-007                  5.9478563647922045E-001                  1.0011631162835978E-005                  1.7391374697508300E+002                  5.2538332591900538E-001                  9.6103902148532028E-001                  8.8729947551722663E+000                  8.8805290193781801E+000                 -6.5364610802726046E+000                  2.2403339120741048E+000                  3.8731490585189889E+000                 -1.2667090729618533E+000                 -2.2563952783188496E-001 
                 3.9005196945525769E+000                  2.9520269791962297E-007                  5.9897056845374641E-001                  1.0011631162835978E-005                  1.7396294744581331E+002                  5.2787384071419252E-001                  9.5982289142739741E-001                  8.8768696621536023E+000                  8.8845465073041545E+000                 -6.5298796777221302E+000                  2.2404567572773852E+000                  3.8731002437383806E+000                 -1.2691455436985299E+000                 -2.2259451696320856E-001 
                 3.9029652231352299E+000                  2.9968694347969290E-007                  6.0316014920774008E-001                  1.0011631162835978E-005                  1.7401234267806799E+002                  5.3113196655771366E-001                  9.5908682790230249E-001                  8.8807380760978081E+000                  8.8885447056734073E+000                 -6.5233321776357416E+000                  2.2405800538312319E+000                  3.8730501328089582E+000                 -1.2715823160155122E+000                 -2.1956736002770780E-001 
                 3.9054304072945456E+000                  3.0423205963076322E-007                  6.0735636194520626E-001                  1.0011631162835978E-005                  1.7406396421667466E+002                  5.3440240352024782E-001                  9.5835076437720756E-001                  8.8846002566813826E+000                  8.8925399355675907E+000                 -6.5167950224095987E+000                  2.2407088701228921E+000                  3.8729987418069269E+000                 -1.2740194961943663E+000                 -2.1655641499795777E-001 
                 3.9079176182636775E+000                  3.0884010165604925E-007                  6.1155791008178917E-001                  1.0011631162835978E-005                  1.7411815073877614E+002                  5.3882382726235956E-001                  9.5835076437720734E-001                  8.8884585135910914E+000                  8.8965264099584047E+000                 -6.5102663132676675E+000                  2.2408440459868033E+000                  3.8729464962256728E+000                 -1.2764570107964803E+000                 -2.1356241215481314E-001 
                 3.9104305786405393E+000                  3.1348960374290488E-007                  6.1575962240553328E-001                  1.0011631162835978E-005                  1.7417250592498448E+002                  5.4097073356250869E-001                  9.5687863732701739E-001                  8.8923061616478467E+000                  8.9005020561408781E+000                 -6.5037768571042500E+000                  2.2409796003329476E+000                  3.8728928902440285E+000                 -1.2788926540607359E+000                 -2.1058879276539424E-001 
                 3.9129730216293108E+000                  3.1818588894433954E-007                  6.1997774632566727E-001                  1.0011631162835978E-005                  1.7422545065546575E+002                  5.4541420900880477E-001                  9.5687863732701739E-001                  8.8961602283338621E+000                  8.9044831541317180E+000                 -6.4973190845558628E+000                  2.2411115965490396E+000                  3.8728379460784104E+000                 -1.2813363368899231E+000                 -2.0762389892338426E-001 
                 3.9155450612593632E+000                  3.2296628816574494E-007                  6.2420754716736293E-001                  1.0011631162835978E-005                  1.7428267158419911E+002                  5.4761045789885610E-001                  9.5540651027682733E-001                  8.9000136553089266E+000                  8.9084722993663057E+000                 -6.4908428077855707E+000                  2.2412542086159646E+000                  3.8727816687150889E+000                 -1.2837839129745756E+000                 -2.0467098467208841E-001 
                 3.9181470679247719E+000                  3.2776333372254270E-007                  6.2843931362742533E-001                  1.0011631162835978E-005                  1.7433630531190730E+002                  5.5207157352029146E-001                  9.5540651027682733E-001                  8.9038619050403955E+000                  8.9124500750415976E+000                 -6.4844396317680530E+000                  2.2413878374747762E+000                  3.8727242854754818E+000                 -1.2862319627572063E+000                 -2.0173665438095179E-001 
                 3.9207818717002882E+000                  3.3264305772334006E-007                  6.3267988636233741E-001                  1.0011631162835978E-005                  1.7439419331107956E+002                  5.5541805874765049E-001                  9.5467044675173240E-001                  8.9077033312233969E+000                  8.9164221224644500E+000                 -6.4780215358701385E+000                  2.2415320202856437E+000                  3.8726654476684903E+000                 -1.2886807100720714E+000                 -1.9881597205372961E-001 
                 3.9234510369280735E+000                  3.3758176167941679E-007                  6.3692392071121517E-001                  1.0011631162835978E-005                  1.7445377930985231E+002                  5.5877294018132861E-001                  9.5393438322663737E-001                  8.9115374552655346E+000                  8.9203872307198306E+000                 -6.4716210247713546E+000                  2.2416803821205540E+000                  3.8726054809370436E+000                 -1.2911287810496022E+000                 -1.9591244017415893E-001 
                 3.9261575133619084E+000                  3.4257820762790203E-007                  6.4116432327826689E-001                  1.0011631162835978E-005                  1.7451576972959563E+002                  5.6101758263837576E-001                  9.5246225617644731E-001                  8.9153647526834838E+000                  8.9243411083141666E+000                 -6.4652402671964539E+000                  2.2418346771145696E+000                  3.8725451830570403E+000                 -1.2935737547867692E+000                 -1.9303065137473946E-001 
                 3.9289091065872359E+000                  3.4759882606151539E-007                  6.4541294105470315E-001                  1.0011631162835978E-005                  1.7457423962817410E+002                  5.6550022581446391E-001                  9.5246225617644742E-001                  8.9191914338042437E+000                  8.9282966402404877E+000                 -6.4589216989548639E+000                  2.2419801589311086E+000                  3.8724833317456717E+000                 -1.2960234173020531E+000                 -1.9016233088702220E-001 
                 3.9317063710999296E+000                  3.5271142524218326E-007                  6.4966838007285910E-001                  1.0011631162835978E-005                  1.7463787382513257E+002                  5.6777870151628207E-001                  9.5099012912625747E-001                  8.9230117376446803E+000                  8.9322393223106289E+000                 -6.4525804721746729E+000                  2.2421384352885347E+000                  3.8724204068753618E+000                 -1.2984727760301829E+000                 -1.8730827021177926E-001 
                 3.9345553803327369E+000                  3.5784830463311661E-007                  6.5392953293792233E-001                  1.0011631162835978E-005                  1.7469830190079736E+002                  5.7227665554668483E-001                  9.5099012912625758E-001                  8.9268301025740300E+000                  8.9361933208570772E+000                 -6.4463010359887454E+000                  2.2422886834653588E+000                  3.8723560652483950E+000                 -1.3009256021230813E+000                 -1.8446904847246401E-001 
                 3.9374572610484502E+000                  3.6306690460837281E-007                  6.5819763407734355E-001                  1.0011631162835978E-005                  1.7476236993680143E+002                  5.7568198806592463E-001                  9.5025406560116266E-001                  8.9306427470884255E+000                  8.9401381036864507E+000                 -6.4400133374298028E+000                  2.2424479254343535E+000                  3.8722905036075463E+000                 -1.3033790225824358E+000                 -1.8164368313098131E-001 
                 3.9404134443538501E+000                  3.6833871304450159E-007                  6.6246278139966708E-001                  1.0011631162835978E-005                  1.7482781029610049E+002                  5.7908839703981674E-001                  9.4951800207606785E-001                  8.9344442381269058E+000                  8.9440728987624194E+000                 -6.4337526336347874E+000                  2.2426105179749296E+000                  3.8722239852017015E+000                 -1.3058289712287683E+000                 -1.7883851631462605E-001 
                 3.9434298274774795E+000                  3.7366749992740988E-007                  6.6672241610809913E-001                  1.0011631162835978E-005                  1.7489533326737237E+002                  5.8140445620831549E-001                  9.4804587502587800E-001                  8.9382359621938186E+000                  8.9479926788991921E+000                 -6.4275146736675808E+000                  2.2427782213403842E+000                  3.8721568833160687E+000                 -1.3082749932213751E+000                 -1.7605494306193240E-001 
                 3.9465152760370992E+000                  3.7902223967985859E-007                  6.7098147325750823E-001                  1.0011631162835978E-005                  1.7496062744258015E+002                  5.8590304997615328E-001                  9.4804587502587800E-001                  8.9420218090886223E+000                  8.9519069054983564E+000                 -6.4213353064254077E+000                  2.2429403271935224E+000                  3.8720887210638573E+000                 -1.3107209944751852E+000                 -1.7328947114712168E-001 
                 3.9496752798959567E+000                  3.8447434735965114E-007                  6.7523802921545628E-001                  1.0011631162835978E-005                  1.7503214438142760E+002                  5.8715048516175172E-001                  9.4583768445059313E-001                  8.9457939686032439E+000                  8.9558075582849028E+000                 -6.4151326316019670E+000                  2.2431178135012266E+000                  3.8720197848974869E+000                 -1.3131614382000139E+000                 -1.7054310635081035E-001 
                 3.9529200468187962E+000                  3.8993193569839754E-007                  6.7950060229014952E-001                  1.0011631162835978E-005                  1.7509820607308492E+002                  5.9165653667192397E-001                  9.4583768445059324E-001                  8.9495658154157969E+000                  8.9597098408191691E+000                 -6.4090111943333952E+000                  2.2432816966354392E+000                  3.8719493665997016E+000                 -1.3156065692854653E+000                 -1.6781015398494895E-001 
                 3.9562506071191943E+000                  3.9542431578453717E-007                  6.8375097529125828E-001                  1.0011631162835978E-005                  1.7516457583742633E+002                  5.9614952122876586E-001                  9.4583768445059324E-001                  8.9533229890509425E+000                  8.9635993587696614E+000                 -6.4029366281777529E+000                  2.2434462817756216E+000                  3.8718784056195550E+000                 -1.3180447906836339E+000                 -1.6510204118749322E-001 
                 3.9596742257945565E+000                  4.0102451308337339E-007                  6.8799940223667366E-001                  1.0011631162835978E-005                  1.7523793137253185E+002                  5.9742064782037341E-001                  9.4362949387530826E-001                  8.9570661895303232E+000                  8.9674734295653185E+000                 -6.3968290798200531E+000                  2.2436281178202790E+000                  3.8718068053011554E+000                 -1.3204768476712387E+000                 -1.6241193909795801E-001 
                 3.9632029633872046E+000                  4.0662230620046281E-007                  6.9223886594930528E-001                  1.0011631162835978E-005                  1.7530698813978012E+002                  6.0190409753835616E-001                  9.4362949387530837E-001                  8.9607950558039775E+000                  8.9713242689193482E+000                 -6.3908088008232760E+000                  2.2437992284051620E+000                  3.8717339839022307E+000                 -1.3229045299463675E+000                 -1.5974402076933589E-001 
                 3.9668493404590128E+000                  4.1226285261591115E-007                  6.9647060381852322E-001                  1.0011631162835978E-005                  1.7537657078060892E+002                  6.0637902413282141E-001                  9.4362949387530837E-001                  8.9645109178329765E+000                  8.9751852684280706E+000                 -6.3848257960032528E+000                  2.2439715738626109E+000                  3.8716604121391138E+000                 -1.3253270099950243E+000                 -1.5709720927422127E-001 
                 3.9706266200606195E+000                  4.1797072336624604E-007                  7.0069532526611922E-001                  1.0011631162835978E-005                  1.7544915217088339E+002                  6.0871793018675124E-001                  9.4215736682511853E-001                  8.9682107990669735E+000                  8.9790176666950892E+000                 -6.3788541371861500E+000                  2.2441512738899250E+000                  3.8715860718675783E+000                 -1.3277426188863573E+000                 -1.5447077992029795E-001 
                 3.9745505844925360E+000                  4.2372483506625100E-007                  7.0491220412711697E-001                  1.0011631162835978E-005                  1.7552253527081811E+002                  6.1105978974482245E-001                  9.4068523977492857E-001                  8.9718944941346219E+000                  8.9828335918828515E+000                 -6.3729160806859548E+000                  2.2443328832736662E+000                  3.8715110412808906E+000                 -1.3301509756616545E+000                 -1.5186497043768324E-001 
                 3.9786385149667978E+000                  4.2950534730095959E-007                  7.0911118442441168E-001                  1.0011631162835978E-005                  1.7559590931559990E+002                  6.1550167744520268E-001                  9.4068523977492857E-001                  8.9755588689984069E+000                  8.9866299222666246E+000                 -6.3670314248738480E+000                  2.2445143943484354E+000                  3.8714353946052182E+000                 -1.3325500029021311E+000                 -1.4928566468116852E-001 
                 3.9828897752263370E+000                  4.3529949309164346E-007                  7.1327504705145994E-001                  1.0011631162835978E-005                  1.7567013823560728E+002                  6.1779998015565785E-001                  9.3921311272473873E-001                  8.9791860950531817E+000                  8.9903860314562305E+000                 -6.3612118385803234E+000                  2.2446979430362024E+000                  3.8713595897240065E+000                 -1.3349277277343949E+000                 -1.4674296890993987E-001 
                 3.9873417611998967E+000                  4.4108996970020252E-007                  7.1740476226882466E-001                  1.0011631162835978E-005                  1.7574342506907212E+002                  6.2217019108002025E-001                  9.3921311272473873E-001                  8.9827822719409554E+000                  8.9941124117667677E+000                 -6.3554728178810391E+000                  2.2448790861167409E+000                  3.8712839650740585E+000                 -1.3372865514205321E+000                 -1.4423574472137471E-001 
                 3.9920386765012918E+000                  4.4693488118679455E-007                  7.2152445108108099E-001                  1.0011631162835978E-005                  1.7581865538223192E+002                  6.2443360355362154E-001                  9.3774098567454878E-001                  8.9863592253882594E+000                  8.9978202429241847E+000                 -6.3497557493544345E+000                  2.2450649543443553E+000                  3.8712073466334735E+000                 -1.3396374263166155E+000                 -1.4174894691330092E-001 
                 3.9970127824094406E+000                  4.5278266993140807E-007                  7.2562058393961681E-001                  1.0011631162835978E-005                  1.7589239816781293E+002                  6.2876972424977695E-001                  9.3774098567454878E-001                  8.9899121019399590E+000                  9.0015047189466770E+000                 -6.3441102039425594E+000                  2.2452470702335381E+000                  3.8711303276784936E+000                 -1.3419754842753888E+000                 -1.3929040598572942E-001 
                 4.0023057774151694E+000                  4.5865809093207507E-007                  7.2968432542038353E-001                  1.0011631162835978E-005                  1.7596819304022318E+002                  6.3098492716218479E-001                  9.3626885862435916E-001                  8.9934338863536727E+000                  9.0051475867408097E+000                 -6.3385109409416005E+000                  2.2454341744229933E+000                  3.8710536916074845E+000                 -1.3442939347147287E+000                 -1.3686498286415977E-001 
                 4.0079730414376700E+000                  4.6450596005435212E-007                  7.3370746573051693E-001                  1.0011631162835978E-005                  1.7604178837623462E+002                  6.3524496185380830E-001                  9.3626885862435916E-001                  8.9969201401890491E+000                  9.0087636430573301E+000                 -6.3330087092223071E+000                  2.2456157718228544E+000                  3.8709772004482690E+000                 -1.3465910156125365E+000                 -1.3447706180423522E-001 
                 4.0140966120657033E+000                  4.7038358083715445E-007                  7.3768909548882422E-001                  1.0011631162835978E-005                  1.7611882316592460E+002                  6.3634856051336963E-001                  9.3406066804907417E-001                  9.0003554597870234E+000                  9.0123258767837875E+000                 -6.3275478461076666E+000                  2.2458057748143392E+000                  3.8709003245104738E+000                 -1.3488595879047365E+000                 -1.3212663622988577E-001 
