                           1                            2                            3                            4                            5 
              version_number                 initial_mass                    initial_z                    burn_min1                    burn_min2 
                       10398      1.0000000000000000E+000      2.0000000000000000E-002      5.0000000000000000E+001      1.0000000000000000E+003 

                                       1                                        2                                        3                                        4                                        5                                        6                                        7                                        8                                        9                                       10                                       11                                       12                                       13                                       14 
                            log_star_age                               luminosity                                   radius                                star_mass                 surface_cell_temperature                           conv_mx1_top_r                             conv_mx1_top                           center_entropy                              max_entropy                                    log_L                                 log_Teff                             log_center_T                           log_center_Rho                                    log_R 
                 3.0564950491902430E+000                  1.7849860020002418E-007                  2.2711164427736802E-001                  9.0133452877088572E-005                  2.4912565784253601E+002                  1.3236356581011130E-001                  9.2317941318434094E-001                  8.4256774230451139E+000                  8.4737420230306366E+000                 -6.7483651853097086E+000                  2.3964184211127435E+000                  4.1103053915650074E+000                 -4.5900936530742464E-001                 -6.4376059842771449E-001 
                 3.1267729575604202E+000                  1.7657856608004919E-007                  2.2686130454872944E-001                  9.0133452877088572E-005                  2.4859002798210443E+002                  1.3235120866047415E-001                  9.2317941318434094E-001                  8.4256458710068145E+000                  8.4707721870959265E+000                 -6.7530620142244731E+000                  2.3954837021047717E+000                  4.1103043582823071E+000                 -4.5899758844462807E-001                 -6.4423957486915351E-001 
                 3.2114011581964026E+000                  1.7375330247771244E-007                  2.2649616067022110E-001                  9.0133452877088572E-005                  2.4778913748305538E+002                  1.3233360551698101E-001                  9.2317941318434094E-001                  8.4256169435194668E+000                  8.4663461783262761E+000                 -6.7600669321524274E+000                  2.3940822628390994E+000                  4.1103056830949898E+000                 -4.5898277850205138E-001                 -6.4493915530178558E-001 
                 3.3010299956639808E+000                  1.7045317124147761E-007                  2.2605739851186177E-001                  9.0133452877088572E-005                  2.4684329106674070E+002                  1.3231140181649850E-001                  9.2317941318434094E-001                  8.4255889371044095E+000                  8.4610977925295661E+000                 -6.7683949144124282E+000                  2.3924213269256747E+000                  4.1103089677451248E+000                 -4.5896490450616290E-001                 -6.4578127460493651E-001 
