                           1                            2                            3                            4                            5 
              version_number                 initial_mass                    initial_z                    burn_min1                    burn_min2 
                       10398      1.0000000000000000E+000      2.0000000000000000E-002      5.0000000000000000E+001      1.0000000000000000E+003 

                                       1                                        2                                        3                                        4                                        5                                        6                                        7                                        8                                        9                                       10                                       11                                       12                                       13                                       14 
                            log_star_age                               luminosity                                   radius                                star_mass                 surface_cell_temperature                           conv_mx1_top_r                             conv_mx1_top                           center_entropy                              max_entropy                                    log_L                                 log_Teff                             log_center_T                           log_center_Rho                                    log_R 
                 3.0564950491902430E+000                  1.5040641047185152E-007                  1.7965271299591312E-001                  9.0133452877088572E-005                  2.6836705996760060E+002                  1.0849535052457206E-001                  9.3030240027573008E-001                  8.4496375440391311E+000                  8.4622948796459507E+000                 -6.8227336532841267E+000                  2.4287291148968233E+000                  4.1870706978368215E+000                 -3.1553406096693404E-001                 -7.4556621998308359E-001 
                 3.1267729575604202E+000                  1.4999975626024905E-007                  1.7956858475569432E-001                  9.0133452877088572E-005                  2.6824823831985054E+002                  1.0848954449574416E-001                  9.3030240027573008E-001                  8.4496002363938487E+000                  8.4576207560741015E+000                 -6.8239094466437509E+000                  2.4285368766487077E+000                  4.1870657153811477E+000                 -3.1552822578109929E-001                 -7.4576964016666358E-001 
                 3.2114011581964026E+000                  1.4805999202816889E-007                  1.7934176006154146E-001                  9.0133452877088572E-005                  2.6754579936953058E+002                  1.0790989030964829E-001                  9.2799700399305474E-001                  8.4495653332298399E+000                  8.4537048592659776E+000                 -6.8295622783370558E+000                  2.4273981348352809E+000                  4.1870620688691913E+000                 -3.1552055111766575E-001                 -7.4631857238646326E-001 
                 3.3010299956639808E+000                  1.4576932695894692E-007                  1.7906788489287104E-001                  9.0133452877088572E-005                  2.6670865255899162E+002                  1.0789923966043279E-001                  9.2799700399305474E-001                  8.4495317116101454E+000                  8.4496518805242680E+000                 -6.8363338514220384E+000                  2.4260371034413843E+000                  4.1870593839604098E+000                 -3.1551135116068818E-001                 -7.4698229614116074E-001 
