                           1                            2                            3                            4                            5 
              version_number                 initial_mass                    initial_z                    burn_min1                    burn_min2 
                       10398      3.6405931501221739E-005      2.0000000000000000E-002      5.0000000000000000E+001      1.0000000000000000E+003 

                                       1                                        2                                        3                                        4                                        5                                        6                                        7                                        8                                        9                                       10                                       11                                       12                                       13                                       14 
                            log_star_age                               luminosity                                   radius                                star_mass                 surface_cell_temperature                           conv_mx1_top_r                             conv_mx1_top                           center_entropy                              max_entropy                                    log_L                                 log_Teff                             log_center_T                           log_center_Rho                                    log_R 
                 3.3114739744016055E+000                  1.8239047610759946E-008                  3.0974121778942210E-002                  3.6405931501221739E-005                  3.8139981971655266E+002                  3.0862945216006753E-002                  9.9999110252000234E-001                  8.3977235280277132E+000                  8.4195390749208858E+000                 -7.7389978429917212E+000                  2.5813804567253786E+000                  3.9205042668474115E+000                 -8.4943296348101527E-001                 -1.5090009984939916E+000 
                 3.3260853391317440E+000                  1.8293308999548594E-008                  3.0980326908067402E-002                  3.6405931501221739E-005                  3.8164492273026320E+002                  3.0869022455612433E-002                  9.9999110252000234E-001                  8.3976153111813208E+000                  8.4115885146818972E+000                 -7.7377077297196983E+000                  2.5816594877093806E+000                  3.9204926060235263E+000                 -8.4940458466636537E-001                 -1.5089140038259834E+000 
                 3.3462979571617955E+000                  1.8250337666286111E-008                  3.0972305056794627E-002                  3.6405931501221739E-005                  3.8146999297173818E+002                  3.0861087482731035E-002                  9.9999110252000234E-001                  8.3975075194112225E+000                  8.4095773804810481E+000                 -7.7387290958514425E+000                  2.5814603801999456E+000                  3.9204833423096486E+000                 -8.4937003154914970E-001                 -1.5090264718729860E+000 
                 3.3738447935458744E+000                  1.8181872486952901E-008                  3.0959767375192352E-002                  3.6405931501221739E-005                  3.8118888343345179E+002                  3.0848689167437500E-002                  9.9999110252000234E-001                  8.3973903215010299E+000                  8.4079104930894371E+000                 -7.7403613923530612E+000                  2.5811402257225731E+000                  3.9204760331310857E+000                 -8.4932507721924388E-001                 -1.5092023111690500E+000 
                 3.4106737165213032E+000                  1.8091455881224699E-008                  3.0942987844764010E-002                  3.6405931501221739E-005                  3.8081730510155376E+002                  3.0832092313289514E-002                  9.9999110252000234E-001                  8.3972582034124432E+000                  8.4056838709352828E+000                 -7.7425264825740943E+000                  2.5807166742223235E+000                  3.9204713970644622E+000                 -8.4926476674621254E-001                 -1.5094377532790673E+000 
                 3.4587580083635467E+000                  1.7978548971703955E-008                  3.0921573828392081E-002                  3.6405931501221739E-005                  3.8035338318177509E+002                  3.0810903761607791E-002                  9.9999110252000234E-001                  8.3971056411440195E+000                  8.4031285949061161E+000                 -7.7452453626034385E+000                  2.5801872824362762E+000                  3.9204708494082698E+000                 -8.4918227806014102E-001                 -1.5097384097216451E+000 
                 3.4771212547196622E+000                  1.7935082735818406E-008                  3.0913242054717294E-002                  3.6405931501221739E-005                  3.8017450421005276E+002                  3.0802658231451351E-002                  9.9999110252000234E-001                  8.3970498483464109E+000                  8.4020814025900901E+000                 -7.7462966155519108E+000                  2.5799829870956157E+000                  3.9204717625470291E+000                 -8.4914913576055318E-001                 -1.5098554455145603E+000 
