                           1                            2                            3                            4                            5 
              version_number                 initial_mass                    initial_z                    burn_min1                    burn_min2 
                       10398      2.1236793375712682E-005      2.0000000000000000E-002      5.0000000000000000E+001      1.0000000000000000E+003 

                                       1                                        2                                        3                                        4                                        5                                        6                                        7                                        8                                        9                                       10                                       11                                       12                                       13                                       14 
                            log_star_age                               luminosity                                   radius                                star_mass                 surface_cell_temperature                           conv_mx1_top_r                             conv_mx1_top                           center_entropy                              max_entropy                                    log_L                                 log_Teff                             log_center_T                           log_center_Rho                                    log_R 
                 3.3114739744016055E+000                  9.9571539932132632E-009                  3.0625095979154117E-002                  2.1236793375712682E-005                  3.2970421210612949E+002                  3.0382608133174494E-002                  9.9996672636190564E-001                  8.2685855082320163E+000                  8.2756280332801690E+000                 -8.0018647762014901E+000                  2.5181244949483941E+000                  3.8477116540306646E+000                 -9.8798355027565454E-001                 -1.5139225415449067E+000 
                 3.3260853391317440E+000                  9.9444256987757442E-009                  3.0620119450900769E-002                  2.1236793375712682E-005                  3.2962557870067917E+002                  3.0377680469551326E-002                  9.9996672636190564E-001                  8.2680592831604613E+000                  8.2752174085766264E+000                 -8.0024202927863541E+000                  2.5180209047426945E+000                  3.8476394432472034E+000                 -9.8789339922163466E-001                 -1.5139931194259395E+000 
                 3.3462979571617955E+000                  9.9261470787378943E-009                  3.0612967820863864E-002                  2.1236793375712682E-005                  3.2951248757475099E+002                  3.0370599101499082E-002                  9.9996672636190564E-001                  8.2673705109908653E+000                  8.2746268626005506E+000                 -8.0032192940176952E+000                  2.5178718772321922E+000                  3.8475459598309776E+000                 -9.8777213267320041E-001                 -1.5140945650206055E+000 
                 3.3738447935458744E+000                  9.8999305364053821E-009                  3.0602699961734214E-002                  2.1236793375712682E-005                  3.2934993601920166E+002                  3.0360432202128043E-002                  9.9996672636190564E-001                  8.2663961674320028E+000                  8.2737780719225427E+000                 -8.0043678526511037E+000                  2.5176575828888441E+000                  3.8474139515220878E+000                 -9.8759982311108074E-001                 -1.5142402556506129E+000 
                 3.4106737165213032E+000                  9.8623946020347660E-009                  3.0587977169422968E-002                  2.1236793375712682E-005                  3.2911648329756514E+002                  3.0345854343545513E-002                  9.9996672636190564E-001                  8.2649995654460291E+000                  8.2725591104666254E+000                 -8.0060176249991812E+000                  2.5173496332946592E+000                  3.8472247176968390E+000                 -9.8735283473802471E-001                 -1.5144492426362828E+000 
                 3.4587580083635467E+000                  9.8087863293170578E-009                  3.0566905699336969E-002                  2.1236793375712682E-005                  3.2878159554174323E+002                  3.0324990659434340E-002                  9.9996672636190564E-001                  8.2629975892065648E+000                  8.2708105845032378E+000                 -8.0083847258604539E+000                  2.5169074981917379E+000                  3.8469533540689524E+000                 -9.8699900199511592E-001                 -1.5147485228610762E+000 
                 3.4771212547196622E+000                  9.7868357911303168E-009                  3.0558262459453089E-002                  2.1236793375712682E-005                  3.2864396819108714E+002                  3.0316432773260932E-002                  9.9996672636190564E-001                  8.2621752760708436E+000                  8.2700920146928230E+000                 -8.0093576984497421E+000                  2.5167256652871264E+000                  3.8468418547649050E+000                 -9.8685374159130546E-001                 -1.5148713433464971E+000 
