                           1                            2                            3                            4                            5 
              version_number                 initial_mass                    initial_z                    burn_min1                    burn_min2 
                       10398      1.0000000000000000E+000      2.0000000000000000E-002      5.0000000000000000E+001      1.0000000000000000E+003 

                                       1                                        2                                        3                                        4                                        5                                        6                                        7                                        8                                        9                                       10                                       11                                       12                                       13                                       14 
                            log_star_age                               luminosity                                   radius                                star_mass                 surface_cell_temperature                           conv_mx1_top_r                             conv_mx1_top                           center_entropy                              max_entropy                                    log_L                                 log_Teff                             log_center_T                           log_center_Rho                                    log_R 
                 3.0564950491902430E+000                  1.6329352489101857E-007                  2.0022042248795513E-001                  9.0133452877088572E-005                  2.5948814603730932E+002                  1.1901113858768622E-001                  9.2799700399305474E-001                  8.4319316658855037E+000                  8.4653757233734890E+000                 -6.7870310360830137E+000                  2.4141174724803833E+000                  4.1558652444177078E+000                 -3.7574387361512168E-001                 -6.9849162654964669E-001 
                 3.1267729575604202E+000                  1.6215187878905935E-007                  2.0006307644535828E-001                  9.0133452877088572E-005                  2.5913522060701627E+002                  1.1900292768627639E-001                  9.2799700399305474E-001                  8.4319007560495596E+000                  8.4633973920090337E+000                 -6.7900780149651423E+000                  2.4135264430697525E+000                  4.1558623100639656E+000                 -3.7573636648303271E-001                 -6.9883305716944910E-001 
                 3.2114011581964026E+000                  1.5985277490274847E-007                  1.9978154904012516E-001                  9.0133452877088572E-005                  2.5839361419265936E+002                  1.1899098155242518E-001                  9.2799700399305474E-001                  8.4318708869898735E+000                  8.4593532775423004E+000                 -6.7962798203588770E+000                  2.4122817750456611E+000                  4.1558607241958914E+000                 -3.7572652159494474E-001                 -6.9944462381813466E-001 
                 3.3010299956639808E+000                  1.5716120411752422E-007                  1.9944355623443094E-001                  9.0133452877088572E-005                  2.5751690964672150E+002                  1.1897589327304933E-001                  9.2799700399305474E-001                  8.4318418190231306E+000                  8.4545662899685770E+000                 -6.8036546524258137E+000                  2.4108057504325204E+000                  4.1558602625424363E+000                 -3.7571469848487998E-001                 -7.0017999062532066E-001 
