                           1                            2                            3                            4                            5 
              version_number                 initial_mass                    initial_z                    burn_min1                    burn_min2 
                       10398      9.1014828753054348E-006      2.0000000000000000E-002      5.0000000000000000E+001      1.0000000000000000E+003 

                                       1                                        2                                        3                                        4                                        5                                        6                                        7                                        8                                        9                                       10                                       11                                       12                                       13                                       14 
                            log_star_age                               luminosity                                   radius                                star_mass                 surface_cell_temperature                           conv_mx1_top_r                             conv_mx1_top                           center_entropy                              max_entropy                                    log_L                                 log_Teff                             log_center_T                           log_center_Rho                                    log_R 
                 3.3114739744016055E+000                  7.4853921697940224E-009                  3.8772195043281645E-002                  9.1014828753054348E-006                  2.7284931232334407E+002                  3.7964171331736879E-002                  9.9974753131484428E-001                  8.2986424627675994E+000                  8.3055698702765515E+000                 -8.1257854414510735E+000                  2.4359228634703425E+000                  3.7603619104552797E+000                 -1.3122905104738070E+000                 -1.4114796112135948E+000 
                 3.3260853391317440E+000                  7.4590358306110021E-009                  3.8741275083647560E-002                  9.1014828753054348E-006                  2.7271758122280943E+002                  3.7933463519783203E-002                  9.9974753131484428E-001                  8.2974872615676176E+000                  8.3045762494262725E+000                 -8.1273173066435831E+000                  2.4357131363336149E+000                  3.7602347830193872E+000                 -1.3119870120961519E+000                 -1.4118260895363948E+000 
                 3.3462979571617955E+000                  7.4213809956226609E-009                  3.8697039216540587E-002                  9.1014828753054348E-006                  2.7252837800073507E+002                  3.7889531750029216E-002                  9.9974753131484428E-001                  8.2959139354242950E+000                  8.3031520071016107E+000                 -8.1295152722179491E+000                  2.4354117313717856E+000                  3.7600642391924182E+000                 -1.3115635827588874E+000                 -1.4123222623999194E+000 
                 3.3738447935458744E+000                  7.3677851446646250E-009                  3.8633932444039010E-002                  9.1014828753054348E-006                  2.7225709010619869E+002                  3.7826859783917248E-002                  9.9974753131484428E-001                  8.2936753832642651E+000                  8.3011153305237464E+000                 -8.1326630472855665E+000                  2.4349791983741187E+000                  3.7598217758104684E+000                 -1.3109599275328785E+000                 -1.4130310839383939E+000 
                 3.4106737165213032E+000                  7.2918808566730870E-009                  3.8544264699898738E-002                  9.1014828753054348E-006                  2.7186883534795356E+002                  3.7737811854544390E-002                  9.9974753131484428E-001                  8.2904818977938870E+000                  8.2982115537183336E+000                 -8.1371604359731968E+000                  2.4343594266580766E+000                  3.7594754038332518E+000                 -1.3100995960428050E+000                 -1.4140402348501253E+000 
                 3.4587580083635467E+000                  7.1854972437590232E-009                  3.8417578625984432E-002                  9.1014828753054348E-006                  2.7131801495834003E+002                  3.7611997983225919E-002                  9.9974753131484428E-001                  8.2859417589771187E+000                  8.2941048554288841E+000                 -8.1435431728674654E+000                  2.4334786306200153E+000                  3.7589819248001404E+000                 -1.3088784601314081E+000                 -1.4154700112211380E+000 
                 3.4771212547196622E+000                  7.1429801730321544E-009                  3.8366118512162151E-002                  9.1014828753054348E-006                  2.7109739690656977E+002                  3.7618045490479181E-002                  9.9977112624942910E-001                  8.2840877637569523E+000                  8.2924537387699306E+000                 -8.1461205553570029E+000                  2.4331253473930383E+000                  3.7587800565894640E+000                 -1.3083804689052059E+000                 -1.4160521360119516E+000 
