                           1                            2                            3                            4                            5 
              version_number                 initial_mass                    initial_z                    burn_min1                    burn_min2 
                       10398      1.0000000000000000E+000      2.0000000000000000E-002      5.0000000000000000E+001      1.0000000000000000E+003 

                                       1                                        2                                        3                                        4                                        5                                        6                                        7                                        8                                        9                                       10                                       11                                       12                                       13                                       14 
                            log_star_age                               luminosity                                   radius                                star_mass                 surface_cell_temperature                           conv_mx1_top_r                             conv_mx1_top                           center_entropy                              max_entropy                                    log_L                                 log_Teff                             log_center_T                           log_center_Rho                                    log_R 
                 3.4981789125485649E+000                  2.4696725241590259E-008                  7.6762820352107380E-002                  2.3360472713283949E-005                  2.6134476180758094E+002                  3.2263888005245267E-002                  7.3338662121357534E-001                  8.3767789392126968E+000                  8.3767789392126968E+000                 -7.6073606298899064E+000                  2.4172137993423934E+000                  4.0086333690157856E+000                 -6.2727902392661838E-001                 -1.1148490771771138E+000 
                 3.5493129248097679E+000                  2.5919778516431960E-008                  7.7668601400890436E-002                  2.3360472713283949E-005                  2.6297502058554784E+002                  7.6537732924419274E-002                  9.9995601682673996E-001                  8.3615652396761355E+000                  8.3615652396761639E+000                 -7.5863687138161966E+000                  2.4199144973877642E+000                  4.0054780798443055E+000                 -6.2647552094332282E-001                 -1.1097545152310002E+000 
                 3.6109316974277008E+000                  2.7141771088484330E-008                  7.8596412971195989E-002                  2.3360472713283949E-005                  2.6444636486374600E+002                  7.7431299421842778E-002                  9.9995431836301840E-001                  8.3753171704789970E+000                  8.3753171704789970E+000                 -7.5663618166298692E+000                  2.4223376011150703E+000                  4.0073981712263684E+000                 -6.2917181679940826E-001                 -1.1045972740924492E+000 
                 3.6775257334955240E+000                  2.8745081027531217E-008                  7.9785825537627753E-002                  2.3360472713283949E-005                  2.6626092190335493E+002                  7.8586224497126045E-002                  9.9995261989929685E-001                  8.3924483845923135E+000                  8.3924483845923135E+000                 -7.5414364628134454E+000                  2.4253074310178664E+000                  4.0097739236194121E+000                 -6.3256756744470222E-001                 -1.0980742569898285E+000 
                 3.7381633687313767E+000                  3.0525307213378034E-008                  8.1073409307803754E-002                  2.3360472713283949E-005                  2.6813605239505580E+002                  7.9837708406429828E-002                  9.9995083878705060E-001                  8.4103861322406086E+000                  8.4103861322406086E+000                 -7.5153399565262911E+000                  2.4283552108947632E+000                  4.0122431523102327E+000                 -6.3616928180572163E-001                 -1.0911215636000449E+000 
                 3.7914325583706052E+000                  3.2405002591517060E-008                  8.2398636533451253E-002                  2.3360472713283949E-005                  2.6997429825348644E+002                  8.1126898257565139E-002                  9.9994905767480435E-001                  8.4282165554772863E+000                  8.4282165554772863E+000                 -7.4893879394791059E+000                  2.4313224206566293E+000                  4.0146801976227859E+000                 -6.3979840112281461E-001                 -1.0840799746001843E+000 
                 3.8383710387432601E+000                  3.4363505574158041E-008                  8.3745597882975018E-002                  2.3360472713283949E-005                  2.7175202578607212E+002                  8.2401114448741861E-002                  9.9994532231638922E-001                  8.4457204085939708E+000                  8.4457204085939708E+000                 -7.4639025382676261E+000                  2.4341727899266332E+000                  4.0170559423593497E+000                 -6.4340870074361267E-001                 -1.0770380125344530E+000 
                 3.8801426159145409E+000                  3.6397092696829231E-008                  8.5109515958678786E-002                  2.3360472713283949E-005                  2.7346832584447191E+002                  8.3734673658790684E-002                  9.9994382982103336E-001                  8.4628508442407107E+000                  8.4628508442407107E+000                 -7.4389333052561781E+000                  2.4369070316273267E+000                  4.0193640856695172E+000                 -6.4698650174877537E-001                 -1.0700218794301155E+000 
                 3.9176796741966267E+000                  3.8503738276846605E-008                  8.6488685696145734E-002                  2.3360472713283949E-005                  2.7512211021444836E+002                  8.5055827183846189E-002                  9.9994084483032142E-001                  8.4796058243098340E+000                  8.4796058243098340E+000                 -7.4144971033696443E+000                  2.4395254936290671E+000                  4.0216039241008765E+000                 -6.5052697549721350E-001                 -1.0630407024903306E+000 
                 3.9516962964452542E+000                  4.0683550567890021E-008                  8.7882206405898319E-002                  2.3360472713283949E-005                  2.7671560706365113E+002                  8.6389918875247038E-002                  9.9993776264975998E-001                  8.4959919795420920E+000                  8.4959919795420920E+000                 -7.3905811519942946E+000                  2.4420336542493981E+000                  4.0237758377216108E+000                 -6.5402761062959969E-001                 -1.0560990480433168E+000 
                 3.9827786792634994E+000                  4.2942726344545363E-008                  8.9290773685575808E-002                  2.3360472713283949E-005                  2.7825855712109296E+002                  8.7709008137971986E-002                  9.9993299359414345E-001                  8.5120297578246600E+000                  8.5120297578246298E+000                 -7.3671103865694247E+000                  2.4444485285587865E+000                  4.0258825111794287E+000                 -6.5749003778116855E-001                 -1.0491934139496590E+000 
                 4.0113904223447969E+000                  4.5278928459906122E-008                  9.0716265116183234E-002                  2.3360472713283949E-005                  2.7974405949491194E+002                  8.9131465221702552E-002                  9.9993299359414356E-001                  8.5277478177978043E+000                  8.5277478177978043E+000                 -7.3441038594137851E+000                  2.4467608725941647E+000                  4.0279282655227950E+000                 -6.6091887433246588E-001                 -1.0423148384425953E+000 
                 4.0378670977151740E+000                  4.7698541861246496E-008                  9.2158281184225602E-002                  2.3360472713283949E-005                  2.8118264445961518E+002                  9.0489487987604020E-002                  9.9992847991772027E-001                  8.5431453308329299E+000                  8.5431453308329299E+000                 -7.3214948970876375E+000                  2.4489885108235123E+000                  4.0299141255602997E+000                 -6.6431310606913474E-001                 -1.0354656337382167E+000 
                 4.0624809069056482E+000                  5.0204453152644363E-008                  9.3616393056080729E-002                  2.3360472713283949E-005                  2.8257844217799538E+002                  9.1902518484541618E-002                  9.9992611406729315E-001                  8.5582206409287593E+000                  8.5582206409287593E+000                 -7.2992577590731944E+000                  2.4511390263623332E+000                  4.0318414341870055E+000                 -6.6767194702540900E-001                 -1.0286480958086368E+000 
                 4.0854608577127802E+000                  5.2793699250793674E-008                  9.5090360936776336E-002                  2.3360472713283949E-005                  2.8392700023176099E+002                  9.3288181314859817E-002                  9.9992126823428784E-001                  8.5729774368417022E+000                  8.5729774368417324E+000                 -7.2774179059490383E+000                  2.4532066938073251E+000                  4.0337123704458930E+000                 -6.7099546432946622E-001                 -1.0218635041365427E+000 
                 4.1069997316131710E+000                  5.5470503899573797E-008                  9.6579847241753364E-002                  2.3360472713283949E-005                  2.8523426060263017E+002                  9.4731449465265558E-002                  9.9991878825170977E-001                  8.5874220668569219E+000                  8.5874220668569219E+000                 -7.2559378889289823E+000                  2.4552016889187067E+000                  4.0355290671179089E+000                 -6.7428342595509239E-001                 -1.0151134858492781E+000 
                 4.1272741803305752E+000                  5.8237437725903521E-008                  9.8086461725648943E-002                  2.3360472713283949E-005                  2.8650054268129833E+002                  9.6190185063011344E-002                  9.9991618878518485E-001                  8.6015814587261232E+000                  8.6015814587261232E+000                 -7.2347977409405617E+000                  2.4571254487384513E+000                  4.0372956693381612E+000                 -6.7753978979919804E-001                 -1.0083909314945565E+000 
                 4.1464212004650722E+000                  6.1096168178992363E-008                  9.9610629855785185E-002                  2.3360472713283949E-005                  2.8772663629566938E+002                  9.7620162421345316E-002                  9.9991086477470148E-001                  8.6154716725527791E+000                  8.6154716725527791E+000                 -7.2139860269244469E+000                  2.4589800683808418E+000                  4.0390144958805800E+000                 -6.8076575466422784E-001                 -1.0016943137712804E+000 
                 4.1645449137415431E+000                  6.4050184814090314E-008                  1.0115139190975526E-001                  2.3360472713283949E-005                  2.8891732389796010E+002                  9.9112001441080982E-002                  9.9990814023074315E-001                  8.6290958193263538E+000                  8.6290958193263538E+000                 -7.1934796127791882E+000                  2.4607735833685300E+000                  4.0406859721186770E+000                 -6.8395937844196908E-001                 -9.9502813667402812E-001 
                 4.1817406277932498E+000                  6.7095002013212338E-008                  1.0270839224008686E-001                  2.3360472713283949E-005                  2.9006744893732946E+002                  1.0057032200557869E-001                  9.9990242929759432E-001                  8.6424629133823103E+000                  8.6424629133822801E+000                 -7.1733098297404814E+000                  2.4624989952990135E+000                  4.0423111603352373E+000                 -6.8712023623414265E-001                 -9.8839406901564075E-001 
                 4.1980949566711594E+000                  7.0236049269831345E-008                  1.0428179591254969E-001                  2.3360472713283949E-005                  2.9118244350154475E+002                  1.0209157386820734E-001                  9.9989943680127646E-001                  8.6555830597030816E+000                  8.6555830597030816E+000                 -7.1534399251851903E+000                  2.4641651859993128E+000                  4.0438913720049170E+000                 -6.9024872430568962E-001                 -9.8179149813859368E-001 
                 4.2136834197603221E+000                  7.3475489701921144E-008                  1.0587167284564127E-001                  2.3360472713283949E-005                  2.9226388505173810E+002                  1.0362987879910968E-001                  9.9989644430495850E-001                  8.6684632067923051E+000                  8.6684632067923051E+000                 -7.1338575107451971E+000                  2.4657751528965268E+000                  4.0454277153112983E+000                 -6.9334513543209197E-001                 -9.7522022471302550E-001 
                 4.2285740052107794E+000                  7.6810064205096380E-008                  1.0747829701287269E-001                  2.3360472713283949E-005                  2.9330776607093344E+002                  1.0513159989860900E-001                  9.9989017249339263E-001                  8.6811105496725780E+000                  8.6811105496725460E+000                 -7.1145818718646208E+000                  2.4673235620372571E+000                  4.0469215252178889E+000                 -6.9641034141780056E-001                 -9.6867922355419800E-001 
                 4.2428255661831349E+000                  8.0247442297322930E-008                  1.0910164698676393E-001                  2.3360472713283949E-005                  2.9432121307015802E+002                  1.0670002176824067E-001                  9.9988688651468494E-001                  8.6935284143711584E+000                  8.6935284143711584E+000                 -7.0955688008403595E+000                  2.4688215646658453E+000                  4.0483738704704351E+000                 -6.9944465438404835E-001                 -9.6216869329924337E-001 
                 4.2564915299476400E+000                  8.3783047129652106E-008                  1.1074203273845719E-001                  2.3360472713283949E-005                  2.9529915939183689E+002                  1.0823061797200173E-001                  9.9988015752553672E-001                  8.7057225332844776E+000                  8.7057225332844776E+000                 -7.0768438487070906E+000                  2.4702622105531815E+000                  4.0497863326022951E+000                 -7.0244927607511098E-001                 -9.5568750900728183E-001 
                 4.2696207550252741E+000                  8.7422678181079204E-008                  1.1240013470761334E-001                  2.3360472713283949E-005                  2.9624568222035776E+002                  1.0983289360673730E-001                  9.9987671451509608E-001                  8.7176997558986269E+000                  8.7176997558986269E+000                 -7.0583758930940430E+000                  2.4716520290927844E+000                  4.0511607803425935E+000                 -7.0542572783153445E-001                 -9.4923316827996396E-001 
                 4.2822528624642606E+000                  9.1166044704716587E-008                  1.1407553470461472E-001                  2.3360472713283949E-005                  2.9716074608372378E+002                  1.1145057351403909E-001                  9.9987310720661582E-001                  8.7294606042551521E+000                  8.7294606042551521E+000                 -7.0401668869266025E+000                  2.4729914399387853E+000                  4.0524982151059321E+000                 -7.0837365875219660E-001                 -9.4280748688824578E-001 
                 4.2944227472818364E+000                  9.5025388245717955E-008                  1.1577475705268869E-001                  2.3360472713283949E-005                  2.9804537871939328E+002                  1.1303331051192116E-001                  9.9986572070495494E-001                  8.7410614695678444E+000                  8.7410614695678444E+000                 -7.0221603473220329E+000                  2.4742823922345627E+000                  4.0538055503996651E+000                 -7.1130698107516011E-001                 -9.3638612167751445E-001 
                 4.3061490363076365E+000                  9.8970413286380537E-008                  1.1748154383595608E-001                  2.3360472713283949E-005                  2.9889657722446225E+002                  1.1468147596531321E-001                  9.9986194151177399E-001                  8.7523817644492876E+000                  8.7523817644492876E+000                 -7.0044946161791710E+000                  2.4755209416851858E+000                  4.0550702108466634E+000                 -7.1419330256702540E-001                 -9.3003035500733011E-001 
                 4.3175088369495835E+000                  1.0302980252559587E-007                  1.1921052612656992E-001                  2.3360472713283949E-005                  2.9971800477920868E+002                  1.1634986993353623E-001                  9.9985798251331048E-001                  8.7635336371685018E+000                  8.7635336371685018E+000                 -6.9870371325737777E+000                  2.4767128327295298E+000                  4.0563050555563960E+000                 -7.1706026242529308E-001                 -9.2368539529332183E-001 
                 4.3285091803675844E+000                  1.0719637312684022E-007                  1.2095844680632079E-001                  2.3360472713283949E-005                  3.0050820923904854E+002                  1.1797426174115717E-001                  9.9984987644246670E-001                  8.7745009314213345E+000                  8.7745009314213345E+000                 -6.9698199082780059E+000                  2.4778563403875014E+000                  4.0575085934757551E+000                 -7.1990246377424838E-001                 -9.1736379846137894E-001 
                 4.3391677990276669E+000                  1.1147605059134395E-007                  1.2272433163287744E-001                  2.3360472713283949E-005                  3.0127248802334429E+002                  1.1967863151367543E-001                  9.9984572937008642E-001                  8.7852828503734592E+000                  8.7852828503734592E+000                 -6.9528184260079717E+000                  2.4789594739374445E+000                  4.0586809878421102E+000                 -7.2271831832252276E-001                 -9.1106932442624833E-001 
                 4.3495064432354669E+000                  1.1585986038499986E-007                  1.2450783728089485E-001                  2.3360472713283949E-005                  3.0200513254976829E+002                  1.2133302365005892E-001                  9.9983704181484234E-001                  8.7958848313167426E+000                  8.7958848313167426E+000                 -6.9360669991759973E+000                  2.4800143237175649E+000                  4.0598230532639006E+000                 -7.2550781255853447E-001                 -9.0480331057050101E-001 
                 4.3595486865079227E+000                  1.2035447637588270E-007                  1.2630972108947139E-001                  2.3360472713283949E-005                  3.0270987739656186E+002                  1.2306946478018109E-001                  9.9983249232273785E-001                  8.8063143424103956E+000                  8.8063143424103636E+000                 -6.9195377522589858E+000                  2.4810265920848078E+000                  4.0609357324046318E+000                 -7.2827167510846824E-001                 -8.9856322384648246E-001 
                 4.3693124967743682E+000                  1.2496080629877569E-007                  1.2812905409604325E-001                  2.3360472713283949E-005                  3.0338846385762537E+002                  1.2482426994579426E-001                  9.9982794283063336E-001                  8.8165722449739921E+000                  8.8165722449739921E+000                 -6.9032261812102176E+000                  2.4819990629192161E+000                  4.0620193450479327E+000                 -7.3100891950050961E-001                 -8.9235237999091432E-001 
                 4.3788192760633198E+000                  1.2967735475261791E-007                  1.2996787945715851E-001                  2.3360472713283949E-005                  3.0403769929391171E+002                  1.2652623171795765E-001                  9.9981841361164148E-001                  8.8266731179356164E+000                  8.8266731179356164E+000                 -6.8871358571050871E+000                  2.4829274374049253E+000                  4.0630756291744383E+000                 -7.3372254514603641E-001                 -8.8616396690976729E-001 
                 4.3880834436040663E+000                  1.3450968016849164E-007                  1.3182481249002170E-001                  2.3360472713283949E-005                  3.0466265481983964E+002                  1.2831444016836463E-001                  9.9981342407199403E-001                  8.8366140084266096E+000                  8.8366140084266096E+000                 -6.8712464599553913E+000                  2.4838192221096262E+000                  4.0641045358475365E+000                 -7.3641097391741217E-001                 -8.8000283774432142E-001 
                 4.3971260185104439E+000                  1.3945826840038244E-007                  1.3370117879693880E-001                  2.3360472713283949E-005                  3.0526208573868189E+002                  1.3012309545846715E-001                  9.9980843453234647E-001                  8.8464048760310430E+000                  8.8464048760310430E+000                 -6.8555557315649702E+000                  2.4846728671837006E+000                  4.0651074410556065E+000                 -7.3907635722291243E-001                 -8.7386476369726029E-001 
                 4.4059622651371670E+000                  1.4451879207805434E-007                  1.3559700677701750E-001                  2.3360472713283949E-005                  3.0583377657528325E+002                  1.3187386894088876E-001                  9.9979798511413509E-001                  8.8560481025152402E+000                  8.8560481025152402E+000                 -6.8400756770239424E+000                  2.4854854475476227E+000                  4.0660850910094029E+000                 -7.4171907017339245E-001                 -8.6774989715458961E-001 
                 4.4146075933366689E+000                  1.4971076969430194E-007                  1.3751406857946574E-001                  2.3360472713283949E-005                  3.0638613865371798E+002                  1.3371874632302283E-001                  9.9979251455256124E-001                  8.8655528842475206E+000                  8.8655528842474887E+000                 -6.8247469568341597E+000                  2.4862691132296217E+000                  4.0670389157166067E+000                 -7.4434140308393903E-001                 -8.6165286842369637E-001 
                 4.4230668508887572E+000                  1.5501360029588975E-007                  1.3944914646761586E-001                  2.3360472713283949E-005                  3.0691204916737030E+002                  1.3550216510322591E-001                  9.9978131643274903E-001                  8.8749071765968299E+000                  8.8750299533538897E+000                 -6.8096301968339574E+000                  2.4870139388151724E+000                  4.0679682009313778E+000                 -7.4693972759208804E-001                 -8.5558413959469704E-001 
                 4.4313535234076173E+000                  1.6043542113279964E-007                  1.4140339491067264E-001                  2.3360472713283949E-005                  3.0741465322303264E+002                  1.3738324041147318E-001                  9.9977558887451068E-001                  8.8841187778947024E+000                  8.8845524000629439E+000                 -6.7946997413870713E+000                  2.4877245646651147E+000                  4.0688741865788591E+000                 -7.4951585911882379E-001                 -8.4954016357113882E-001 
                 4.4394776616789944E+000                  1.6597862892217626E-007                  1.4337590925821411E-001                  2.3360472713283949E-005                  3.0789622833549350E+002                  1.3927995492231018E-001                  9.9976959269628662E-001                  8.8931864846798838E+000                  8.8939276723677683E+000                 -6.7799478272531317E+000                  2.4884043688543653E+000                  4.0697571973165516E+000                 -7.5206903484111531E-001                 -8.4352381488266981E-001 
                 4.4474515577992051E+000                  1.7163624914314361E-007                  1.4536684341112607E-001                  2.3360472713283949E-005                  3.0835357793812341E+002                  1.4111017412103344E-001                  9.9975731959874226E-001                  8.9021147265366647E+000                  8.9031613914410084E+000                 -6.7653909849004608E+000                  2.4890489920054097E+000                  4.0706180775710177E+000                 -7.5460001707987701E-001                 -8.3753464000842281E-001 
                 4.4552849267660317E+000                  1.7741838268432468E-007                  1.4737596104920125E-001                  2.3360472713283949E-005                  3.0879179154676120E+002                  1.4304242084798724E-001                  9.9975104267942216E-001                  8.9109045565369360E+000                  8.9122556831746333E+000                 -6.7510013840265177E+000                  2.4896657471307777E+000                  4.0714572980780392E+000                 -7.5710859561943866E-001                 -8.3157334982218734E-001 
                 4.4629860072561094E+000                  1.8331214053712821E-007                  1.4940097178209100E-001                  2.3360472713283949E-005                  3.0920785232001128E+002                  1.4498778557367839E-001                  9.9974447238063435E-001                  8.9195528430930064E+000                  8.9212037289555539E+000                 -6.7368087712970279E+000                  2.4902505142185003E+000                  4.0722749579996584E+000                 -7.5959320234591021E-001                 -8.2564657763288807E-001 
                 4.4705649391839017E+000                  1.8932618224412785E-007                  1.5144511310817138E-001                  2.3360472713283949E-005                  3.0960249771471280E+002                  1.4686163053109080E-001                  9.9973102522779778E-001                  8.9280716181621891E+000                  8.9300212047177006E+000                 -6.7227893225503692E+000                  2.4908044556357525E+000                  4.0730724507565217E+000                 -7.6205682619613901E-001                 -8.1974473609406284E-001 
                 4.4780309323184975E+000                  1.9546827844501281E-007                  1.5350668622281158E-001                  2.3360472713283949E-005                  3.0998083370268193E+002                  1.4884241937127948E-001                  9.9972414837374890E-001                  8.9364590732509992E+000                  8.9387046512785631E+000                 -6.7089237119974579E+000                  2.4913348419280616E+000                  4.0738499345779289E+000                 -7.6449824788207776E-001                 -8.1387270340222539E-001 
                 4.4853959040134557E+000                  2.0172674683826433E-007                  1.5558630109964533E-001                  2.3360472713283949E-005                  3.1033775313433222E+002                  1.5074409371356989E-001                  9.9970975408679585E-001                  8.9447212885192844E+000                  8.9472603530124406E+000                 -6.6952365151032840E+000                  2.4918346114357908E+000                  4.0746082460104196E+000                 -7.6691859332022794E-001                 -8.0802864397059637E-001 
                 4.4926689861586349E+000                  2.0811132259712922E-007                  1.5768364737203497E-001                  2.3360472713283949E-005                  3.1067765403105324E+002                  1.5275522357316845E-001                  9.9970222233933581E-001                  8.9528611216061265E+000                  8.9556902565899232E+000                 -6.6817042907269402E+000                  2.4923100170295469E+000                  4.0753479250875397E+000                 -7.6931799743842244E-001                 -8.0221334296993740E-001 
                 4.4998619027237767E+000                  2.1462672299924033E-007                  1.5980029083822797E-001                  2.3360472713283949E-005                  3.1100085589548365E+002                  1.5478698941826693E-001                  9.9969469059187566E-001                  8.9608849946368654E+000                  8.9640027198511696E+000                 -6.6683162053496812E+000                  2.4927615841892603E+000                  4.0760697242033093E+000                 -7.7169784547648757E-001                 -7.9642243460073459E-001 
                 4.5069799264583805E+000                  2.2125805810659323E-007                  1.6193411410269384E-001                  2.3360472713283949E-005                  3.1130422707197590E+002                  1.5673231805513435E-001                  9.9967892805307557E-001                  8.9687898334488132E+000                  8.9721936198552719E+000                 -6.6551009035566873E+000                  2.4931850174790675E+000                  4.0767736180935472E+000                 -7.7405652334238539E-001                 -7.9066165028385160E-001 
                 4.5140335885550025E+000                  2.2802425073647639E-007                  1.6408478272043386E-001                  2.3360472713283949E-005                  3.1159503178125669E+002                  1.5879229973257045E-001                  9.9967068171664486E-001                  8.9765778301767529E+000                  8.9802635674043181E+000                 -6.6420189626444204E+000                  2.4935905244152186E+000                  4.0774600426559955E+000                 -7.7639399645091178E-001                 -7.8493169370002058E-001 
                 4.5210366484243778E+000                  2.3492501815597006E-007                  1.6625775382815364E-001                  2.3360472713283949E-005                  3.1186797574284691E+002                  1.6076827515539238E-001                  9.9965380778014079E-001                  8.9842678766981727E+000                  8.9882352914082091E+000                 -6.6290707309085510E+000                  2.4939707810942959E+000                  4.0781307506661078E+000                 -7.7871556437912892E-001                 -7.7921809119024055E-001 
                 4.5279926719683008E+000                  2.4195769405043385E-007                  1.6844915144301378E-001                  2.3360472713283949E-005                  3.1212594029335349E+002                  1.6286778119277270E-001                  9.9964518018006754E-001                  8.9918499510757304E+000                  8.9960968042679887E+000                 -6.6162605631378399E+000                  2.4943298636525180E+000                  4.0787850863367856E+000                 -7.8101759047783004E-001                 -7.7353117242132874E-001 
                 4.5349108297479299E+000                  2.4912702067318023E-007                  1.7065918692081494E-001                  2.3360472713283949E-005                  3.1237034032829013E+002                  1.6498245999149255E-001                  9.9963615444301113E-001                  8.9993267870685347E+000                  9.0038510005651151E+000                 -6.6035791657078011E+000                  2.4946697907128854E+000                  4.0794235026530332E+000                 -7.8330043962425977E-001                 -7.6787032782704456E-001 
                 4.5383573388960068E+000                  2.5275851982756990E-007                  1.7177075254426558E-001                  2.3360472713283949E-005                  3.1248650014358168E+002                  1.6599173701237133E-001                  9.9962712870595483E-001                  9.0030249519156342E+000                  9.0076852517732338E+000                 -6.5972941965609406E+000                  2.4948312599146050E+000                  4.0797367461086527E+000                 -7.8443429774921070E-001                 -7.6505078165705320E-001 
