                           1                            2                            3                            4                            5 
              version_number                 initial_mass                    initial_z                    burn_min1                    burn_min2 
                       10398      1.0000000000000000E+000      2.0000000000000000E-002      5.0000000000000000E+001      1.0000000000000000E+003 

                                       1                                        2                                        3                                        4                                        5                                        6                                        7                                        8                                        9                                       10                                       11                                       12                                       13                                       14 
                            log_star_age                               luminosity                                   radius                                star_mass                 surface_cell_temperature                           conv_mx1_top_r                             conv_mx1_top                           center_entropy                              max_entropy                                    log_L                                 log_Teff                             log_center_T                           log_center_Rho                                    log_R 
                 3.4667707376989010E+000                  1.7346924941521550E-007                  9.1498018130763456E-002                  4.0046524651343911E-005                  3.8969891805485054E+002                  9.0722794215661415E-002                  9.9998582734444452E-001                  8.9950657319175527E+000                  8.9950672521694965E+000                 -6.7607775006593256E+000                  2.5907291994391590E+000                  4.1734330427416095E+000                 -5.9155687157011116E-001                 -1.0385883127553535E+000 
                 3.8518277447931011E+000                  1.6665345438090686E-007                  9.0338959610919853E-002                  4.0046524651343911E-005                  3.8828038941926320E+002                  8.9566373160296378E-002                  9.9998582734444452E-001                  8.9802041384303166E+000                  8.9802057940463413E+000                 -6.7781856798851310E+000                  2.5891454559052294E+000                  4.1715926951815741E+000                 -5.8847234057096054E-001                 -1.0441249153003973E+000 
                 4.0883314648006595E+000                  1.5896931827015106E-007                  8.9010677293388463E-002                  4.0046524651343911E-005                  3.8657760755827132E+002                  8.8241340563729648E-002                  9.9998582734444452E-001                  8.9626184731758549E+000                  8.9626202732675804E+000                 -6.7986866882063826E+000                  2.5872366933496340E+000                  4.1693958513421965E+000                 -5.8486278507002132E-001                 -1.0505578943498326E+000 
                 4.2538431638416307E+000                  1.5126751822306862E-007                  8.7653254415851839E-002                  4.0046524651343911E-005                  3.8475282444176827E+002                  8.6929750716857448E-002                  9.9998676013876309E-001                  8.9439899256603663E+000                  8.9439918628399511E+000                 -6.8202543183148254E+000                  2.5851818159762949E+000                  4.1670485302611322E+000                 -5.8108660016031999E-001                 -1.0572319546573756E+000 
                 4.3815318302165043E+000                  1.4374486689898355E-007                  8.6302068399208468E-002                  4.0046524651343911E-005                  3.8283964328526645E+002                  8.5603213703909040E-002                  9.9998722653592242E-001                  8.9247518233953134E+000                  8.9247538898894039E+000                 -6.8424076549322415E+000                  2.5830169022115586E+000                  4.1646042131814971E+000                 -5.7723696957492121E-001                 -1.0639787954366116E+000 
                 4.4865346108704367E+000                  1.3643768721094950E-007                  8.4965137853791894E-002                  4.0046524651343911E-005                  3.8084005832143345E+002                  8.4269715701813547E-002                  9.9998722653592242E-001                  8.9050092838114150E+000                  8.9050114753576022E+000                 -6.8650656510356427E+000                  2.5807426222775867E+000                  4.1620746705126708E+000                 -5.7333701321575858E-001                 -1.0707592336203684E+000 
                 4.5766391600090497E+000                  1.2937207772054448E-007                  8.3644416447946124E-002                  4.0046524651343911E-005                  3.7876608010746094E+002                  8.2972625702571620E-002                  9.9998767098815244E-001                  8.8848001797562990E+000                  8.8848024956611518E+000                 -6.8881594470090599E+000                  2.5783710786651288E+000                  4.1594613215419889E+000                 -5.6939412911608833E-001                 -1.0775630443821607E+000 
                 4.6563032293733730E+000                  1.2252703784761374E-007                  8.2340272518933680E-002                  4.0046524651343911E-005                  3.7660081242733065E+002                  8.1672061657665634E-002                  9.9998767098815244E-001                  8.8641484963801407E+000                  8.8641509344925673E+000                 -6.9117680656477027E+000                  2.5758812517972727E+000                  4.1567621436089714E+000                 -5.6541152542175388E-001                 -1.0843876999657702E+000 
                 4.7282884593937347E+000                  1.1589613078491147E-007                  8.1053149115953321E-002                  4.0046524651343911E-005                  3.7433609612067625E+002                  8.0388709199726974E-002                  9.9998767098815244E-001                  8.8430633846698523E+000                  8.8430659379801586E+000                 -6.9359310628009574E+000                  2.5732617060608094E+000                  4.1539739638759166E+000                 -5.6139030534279821E-001                 -1.0912301070694712E+000 
                 4.7944326544833418E+000                  1.0947782796320021E-007                  7.9783248505763099E-002                  4.0046524651343911E-005                  3.7196759307204928E+002                  7.9122754241929702E-002                  9.9998767098815244E-001                  8.8215258289809348E+000                  8.8215284869132908E+000                 -6.9606738275658424E+000                  2.5705051036620228E+000                  4.1510921807269749E+000                 -5.5732776556384367E-001                 -1.0980882846543407E+000 
                 4.8560213344632261E+000                  1.0327141086404790E-007                  7.8530498665575058E-002                  4.0046524651343911E-005                  3.6949219507164139E+002                  7.7874102259897784E-002                  9.9998767098815244E-001                  8.7994948215354114E+000                  8.7994975712687360E+000                 -6.9860198897333659E+000                  2.5676052681860009E+000                  4.1481120156544611E+000                 -5.5321821497628387E-001                 -1.1049616447860580E+000 
                 4.9139861200024750E+000                  9.7288505588896847E-008                  7.7294645382009877E-002                  4.0046524651343911E-005                  3.6691891256183396E+002                  7.6680955145487451E-002                  9.9998855989261248E-001                  8.7769317535849769E+000                  8.7769345827612266E+000                 -7.0119384675856811E+000                  2.5645700968131191E+000                  4.1450296896846366E+000                 -5.4905682538797895E-001                 -1.1118505909664522E+000 
                 4.9690207444740695E+000                  9.1505336237286591E-008                  7.6075749773121704E-002                  4.0046524651343911E-005                  3.6422345003202332E+002                  7.5465915864206617E-002                  9.9998855989261248E-001                  8.7538237933474115E+000                  8.7538266925559505E+000                 -7.0385535788206264E+000                  2.5613679028764134E+000                  4.1418440697846037E+000                 -5.4484286222927414E-001                 -1.1187537587105139E+000 
                 5.0216554150800370E+000                  8.5922948369330060E-008                  7.4874326195751628E-002                  4.0046524651343911E-005                  3.6140174767295389E+002                  7.4268451265387919E-002                  9.9998855989261248E-001                  8.7301844677896128E+000                  8.7301874753013866E+000                 -7.0658908289610753E+000                  2.5579902474161327E+000                  4.1385554665142745E+000                 -5.4057933275180858E-001                 -1.1256670728601768E+000 
                 5.0723124720849722E+000                  8.0550265323520474E-008                  7.3690766590234033E-002                  4.0046524651343911E-005                  3.5845911304558030E+002                  7.3107805432178749E-002                  9.9998900434484250E-001                  8.7060410883908119E+000                  8.7060445032812410E+000                 -7.0939330247251959E+000                  2.5544396248327650E+000                  4.1351632382132699E+000                 -5.3627031411950521E-001                 -1.1325869255755010E+000 
                 5.1213167123088219E+000                  7.5385580533086150E-008                  7.2525794739057264E-002                  4.0046524651343911E-005                  3.5539003152774654E+002                  7.1946686310979890E-002                  9.9998900434484239E-001                  8.6814181955312542E+000                  8.6814219911654504E+000                 -7.1227117163820619E+000                  2.5507052408767561E+000                  4.1316662313434795E+000                 -5.3191995178989326E-001                 -1.1395075034919162E+000 
                 5.1688774369172164E+000                  7.0433783531756446E-008                  7.1381392111618466E-002                  4.0046524651343911E-005                  3.5219417365100048E+002                  7.0806211031491637E-002                  9.9998900434484239E-001                  8.6563394611368345E+000                  8.6563436014199233E+000                 -7.1522189817364534E+000                  2.5467821660391277E+000                  4.1280661060462229E+000                 -5.2753440614138725E-001                 -1.1464149864938551E+000 
                 5.2151800504161434E+000                  6.5698734842898222E-008                  7.0258772133062183E-002                  4.0046524651343911E-005                  3.4887383012739843E+002                  6.9687600218050261E-002                  9.9998900434484239E-001                  8.6308107225874728E+000                  8.6308151717200179E+000                 -7.1824429935458260E+000                  2.5426683920200177E+000                  4.1243637025154127E+000                 -5.2311730368468590E-001                 -1.1532994443603219E+000 
                 5.2604028730856216E+000                  6.1180633910865326E-008                  6.9158404308246060E-002                  4.0046524651343911E-005                  3.4543030054355046E+002                  6.8591326852184956E-002                  9.9998900434484239E-001                  8.6048478728758830E+000                  8.6048526017335902E+000                 -7.2133860274728736E+000                  2.5383604292373021E+000                  4.1205611553967962E+000                 -5.1867146747795279E-001                 -1.1601550357584141E+000 
                 5.3046812704849540E+000                  5.6887187433300176E-008                  6.8081106495321744E-002                  4.0046524651343911E-005                  3.4187688031888820E+002                  6.7535230319881442E-002                  9.9998942786527067E-001                  8.5784989276738592E+000                  8.5785039137206525E+000                 -7.2449855377103951E+000                  2.5338697310234672E+000                  4.1166635695406839E+000                 -5.1420228655878608E-001                 -1.1669733944495053E+000 
                 5.3481088159321457E+000                  5.2814127251747466E-008                  6.7028265977584822E-002                  4.0046524651343911E-005                  3.3821117580774575E+002                  6.6486438456923452E-002                  9.9998942786527067E-001                  8.5518381655546811E+000                  8.5518433875798578E+000                 -7.2772498924883884E+000                  2.5291879529376184E+000                  4.1126782032318117E+000                 -5.0971767980811278E-001                 -1.1737420156668044E+000 
                 5.3907801356122329E+000                  4.8963310098053552E-008                  6.6000732733343587E-002                  4.0046524651343911E-005                  3.3444347986647279E+002                  6.5463085284160769E-002                  9.9998942786527079E-001                  8.5249113112294062E+000                  8.5249383415790003E+000                 -7.3101292299816523E+000                  2.5243227322002584E+000                  4.1086089394511953E+000                 -5.0522749424605040E-001                 -1.1804512429387164E+000 
                 5.4327296857653069E+000                  4.5335251381789340E-008                  6.5000038918928152E-002                  4.0046524651343911E-005                  3.3058383874785790E+002                  6.4466737321453915E-002                  9.9998942786527079E-001                  8.4977610342320258E+000                  8.4978395321063882E+000                 -7.3435639717853505E+000                  2.5192816169410812E+000                  4.1044613105271255E+000                 -5.0074451664655562E-001                 -1.1870863833222107E+000 
                 5.4739872085755001E+000                  4.1927545037342917E-008                  6.4027127113717330E-002                  4.0046524651343911E-005                  3.2664218384923606E+002                  6.3498360377770985E-002                  9.9998942786527079E-001                  8.4704290208760824E+000                  8.4705464711432779E+000                 -7.3775005658804353E+000                  2.5140722689852328E+000                  4.1002425773435602E+000                 -4.9627774071617470E-001                 -1.1936359844580569E+000 
                 5.5146073805849927E+000                  3.8734250204406753E-008                  6.3081925484301402E-002                  4.0046524651343911E-005                  3.2262702070894323E+002                  6.2557914136795151E-002                  9.9998942786527079E-001                  8.4429479158056395E+000                  8.4431064254066026E+000                 -7.4119048464415549E+000                  2.5087007360816846E+000                  4.0959593559444638E+000                 -4.9183096582845298E-001                 -1.2000950589315200E+000 
                 5.5546035492434838E+000                  3.5754609294838970E-008                  6.2165173203783196E-002                  4.0046524651343911E-005                  3.1855824865388206E+002                  6.1661905369921541E-002                  9.9998985138569907E-001                  8.4153886218865352E+000                  8.4155964304079056E+000                 -7.4466679633096602E+000                  2.5031888533926514E+000                  4.0916227757015022E+000                 -4.8741557611998365E-001                 -1.2064528519875062E+000 
                 5.5940559499140932E+000                  3.2978142637158338E-008                  6.1276039712603377E-002                  4.0046524651343911E-005                  3.1444205327030636E+002                  6.0777791132137264E-002                  9.9998985138569896E-001                  8.3877700582243193E+000                  8.3879942131279126E+000                 -7.4817738079136964E+000                  2.4975406217683642E+000                  4.0872347265909488E+000                 -4.8304915528500064E-001                 -1.2127093110409504E+000 
                 5.6330450869280888E+000                  3.0394454007128331E-008                  6.0413527141692208E-002                  4.0046524651343911E-005                  3.1028509249475525E+002                  5.9920616141196023E-002                  9.9998985138569896E-001                  8.3600875782234070E+000                  8.3602961162480636E+000                 -7.5172056536883600E+000                  2.4917609087946744E+000                  4.0827923868216827E+000                 -4.7873999850695020E-001                 -1.2188658079809020E+000 
                 5.6716621934360836E+000                  2.7992978944439391E-008                  5.9576103904574428E-002                  4.0046524651343911E-005                  3.0609458754802557E+002                  5.9088877421958043E-002                  9.9998985138569907E-001                  8.3323101476283075E+000                  8.3324885955758585E+000                 -7.5529508825166456E+000                  2.4858556484603471E+000                  4.0782902242896109E+000                 -4.7447620456674527E-001                 -1.2249279017263901E+000 
                 5.7099521785452794E+000                  2.5767363465094725E-008                  5.8762848299589623E-002                  4.0046524651343911E-005                  3.0188775438193875E+002                  5.8296582577447742E-002                  9.9999027490612735E-001                  8.3044357611758155E+000                  8.3053919186865706E+000                 -7.5889300164952331E+000                  2.4798454949238016E+000                  4.0737276558099440E+000                 -4.7024216217577069E-001                 -1.2308971616425928E+000 
                 5.7479323690038067E+000                  2.3705898533227438E-008                  5.7973436317738609E-002                  4.0046524651343911E-005                  2.9766584393546219E+002                  5.7513293603611536E-002                  9.9999027490612735E-001                  8.2765004409802430E+000                  8.2783305365516924E+000                 -7.6251435788125663E+000                  2.4737290017697195E+000                  4.0691081847400348E+000                 -4.6604680398337811E-001                 -1.2367709564930960E+000 
                 5.7856617639545327E+000                  2.1797040730222193E-008                  5.7206908446238686E-002                  4.0046524651343911E-005                  2.9343003474947682E+002                  5.6763879202777125E-002                  9.9999058755536685E-001                  8.2484823882760061E+000                  8.2508840525627480E+000                 -7.6616024642748934E+000                  2.4675045629454231E+000                  4.0644287051811760E+000                 -4.6191634864908787E-001                 -1.2425515215756662E+000 
                 5.8231973413626150E+000                  2.0031765277860253E-008                  5.6462352940381877E-002                  4.0046524651343911E-005                  2.8918764851662905E+002                  5.6036238235924581E-002                  9.9999090020460635E-001                  8.2203067033736748E+000                  8.2232843857102242E+000                 -7.6982807772839266E+000                  2.4611797376930116E+000                  4.0596840627277189E+000                 -4.5785753437608151E-001                 -1.2482410275753593E+000 
                 5.8605788542003303E+000                  1.8396440360532013E-008                  5.5739092454241385E-002                  4.0046524651343911E-005                  2.8492655234586209E+002                  5.5318935643383985E-002                  9.9999090020460635E-001                  8.1918981809435039E+000                  8.1956356959699601E+000                 -7.7352662031499602E+000                  2.4547329208200024E+000                  4.0548719474643482E+000                 -4.5384811988342599E-001                 -1.2538401067623581E+000 
                 5.8978291114816459E+000                  1.6885119416859572E-008                  5.5036915057442792E-002                  4.0046524651343911E-005                  2.8065863801533084E+002                  5.4636049956004198E-002                  9.9999130376070788E-001                  8.1632124580494168E+000                  8.1682325162950633E+000                 -7.7724958635509402E+000                  2.4481784109737386E+000                  4.0499950097050821E+000                 -4.4987183486928684E-001                 -1.2593459172703201E+000 
                 5.9349633935082027E+000                  1.5486871063368193E-008                  5.4355198034128298E-002                  4.0046524651343911E-005                  2.7637566473519348E+002                  5.3969635327036955E-002                  9.9999160642778417E-001                  8.1342362034107634E+000                  8.1413143891871886E+000                 -7.8100363173716438E+000                  2.4414997977026691E+000                  4.0450542070499287E+000                 -4.4594630494621268E-001                 -1.2647589176385334E+000 
                 5.9720108877538696E+000                  1.4193461812620200E-008                  5.3693798999059891E-002                  4.0046524651343911E-005                  2.7207550117135901E+002                  5.3329473359978938E-002                  9.9999210611278544E-001                  8.1051201667438360E+000                  8.1151850408557920E+000                 -7.8479116663637569E+000                  2.4346894352845996E+000                  4.0400515757652862E+000                 -4.4210068999271906E-001                 -1.2700758672984509E+000 
                 6.0089976148603261E+000                  1.2996278762747351E-008                  5.3052201053409444E-002                  4.0046524651343911E-005                  2.6775184493613688E+002                  5.2698160859689896E-002                  9.9999230313071030E-001                  8.0760471373758129E+000                  8.0898947523761855E+000                 -7.8861809818588693E+000                  2.4277324693543179E+000                  4.0349881622981236E+000                 -4.3833157608463469E-001                 -1.2752965931854432E+000 
                 6.0459332256050304E+000                  1.1889849537319368E-008                  5.2429779453043147E-002                  4.0046524651343911E-005                  2.6341135675787609E+002                  5.2092119231617377E-002                  9.9999269716656003E-001                  8.0472268545677696E+000                  8.0653051926541757E+000                 -7.9248236412202813E+000                  2.4206344924968417E+000                  4.0298687165130795E+000                 -4.3461542447755763E-001                 -1.2804219691511978E+000 
                 6.0828677457803639E+000                  1.0865514083009457E-008                  5.1825067722299001E-002                  4.0046524651343911E-005                  2.5904311374841393E+002                  5.1490130585474837E-002                  9.9999269716656003E-001                  8.0188534691768485E+000                  8.0409961064467979E+000                 -7.9639497209649468E+000                  2.4133720488452384E+000                  4.0246945363803661E+000                 -4.3094207653207800E-001                 -1.2854601217203234E+000 
                 6.1198247988600567E+000                  9.9200304616730713E-009                  5.1236449983418884E-002                  4.0046524651343911E-005                  2.5466435233632762E+002                  5.0917011344257704E-002                  9.9999308168215795E-001                  7.9909078558633233E+000                  8.0165522269391278E+000                 -8.0034869942453959E+000                  2.4059681540742122E+000                  4.0194669336944955E+000                 -4.2732073541185278E-001                 -1.2904209688184962E+000 
                 6.1567815277233571E+000                  9.0521072218685990E-009                  5.0664525698903319E-002                  4.0046524651343911E-005                  2.5030230737990462E+002                  5.0347882267171060E-002                  9.9999308168215795E-001                  7.9632606555933290E+000                  7.9915091438620225E+000                 -8.0432503104850852E+000                  2.3984648499477279E+000                  4.0142026642425126E+000                 -4.2376214926718941E-001                 -1.2952960186853724E+000 
                 6.1937464902336918E+000                  8.2555534171112446E-009                  5.0108369698274619E-002                  4.0046524651343911E-005                  2.4595793207476549E+002                  4.9801079515929644E-002                  9.9999327393995696E-001                  7.9356622060351150E+000                  7.9658543863406548E+000                 -8.0832538081744705E+000                  2.3908608296943261E+000                  4.0088995468374495E+000                 -4.2024758292659581E-001                 -1.3000897270232610E+000 
                 6.2307311055694674E+000                  7.5165470155932511E-009                  4.9569355042439860E-002                  4.0046524651343911E-005                  2.4156131333108178E+002                  4.9264522176822097E-002                  9.9999327393995685E-001                  7.9079202880703443E+000                  7.9412389605691791E+000                 -8.1239816217049530E+000                  2.3830273786786642E+000                  4.0035641626142624E+000                 -4.1676695678552333E-001                 -1.3047867317571780E+000 
                 6.2677380965267728E+000                  6.8226505545239951E-009                  4.9049701523435685E-002                  4.0046524651343911E-005                  2.3702792760418592E+002                  4.8745857713583932E-002                  9.9999327393995674E-001                  7.8800262911658443E+000                  7.9198149387035679E+000                 -8.1660468720336503E+000                  2.3747995157372794E+000                  3.9982132783519431E+000                 -4.1332804574224724E-001                 -1.3093636310387575E+000 
                 6.3047417662277283E+000                  6.1854304561949578E-009                  4.8546883458499175E-002                  4.0046524651343911E-005                  2.3248301365516340E+002                  4.8238197161338890E-002                  9.9999308168215784E-001                  7.8521185975852266E+000                  7.8979017103522473E+000                 -8.2086300715813270E+000                  2.3663912228610848E+000                  3.9928639586212444E+000                 -4.0994469673949807E-001                 -1.3138386450602069E+000 
                 6.3419022953489259E+000                  5.6257616008124364E-009                  4.8050313131656863E-002                  4.0046524651343911E-005                  2.2820578112606637E+002                  4.7747098626043406E-002                  9.9999308168215784E-001                  7.8240489992110414E+000                  7.8660755491917209E+000                 -8.2498186755916034E+000                  2.3583266382282368E+000                  3.9874804398714674E+000                 -4.0659655287016594E-001                 -1.3183037777996485E+000 
                 6.3791341775909878E+000                  5.1516313142683142E-009                  4.7555766194924180E-002                  4.0046524651343911E-005                  2.2439543839175710E+002                  4.7269203257853248E-002                  9.9999327393995674E-001                  7.7957280864004641E+000                  7.8212815693654054E+000                 -8.2880552255993809E+000                  2.3510140202243388E+000                  3.9820386262555325E+000                 -4.0326693552674486E-001                 -1.3227968167957420E+000 
                 6.4160962410363380E+000                  4.7460665328423646E-009                  4.7070735342301551E-002                  4.0046524651343911E-005                  2.2097207105610468E+002                  4.6802160005524354E-002                  9.9999346619775564E-001                  7.7672579516274896E+000                  7.7728005780242517E+000                 -8.3236661779088656E+000                  2.3443373822799978E+000                  3.9765515182875499E+000                 -3.9996405810902391E-001                 -1.3272490170618017E+000 
                 6.4527550362511805E+000                  4.3857486408882048E-009                  4.6599011878629873E-002                  4.0046524651343911E-005                  2.1774691089702301E+002                  4.6363059315584640E-002                  9.9999421707053504E-001                  7.7385851747380663E+000                  7.7386017518506556E+000                 -8.3579562625361525E+000                  2.3379519987559476E+000                  3.9710082346581195E+000                 -3.9668701542708268E-001                 -1.3316232923273459E+000 
                 6.4891731416651579E+000                  4.0599006492431564E-009                  4.6140227844153101E-002                  4.0046524651343911E-005                  2.1464382853143488E+002                  4.5928551996357224E-002                  9.9999476660630737E-001                  7.7096049145400460E+000                  7.7096219981258596E+000                 -8.3914845940123133E+000                  2.3317184023375233E+000                  3.9653932653130037E+000                 -3.9343093361684617E-001                 -1.3359202652285769E+000 
                 6.5253900572498011E+000                  3.7965967989485249E-009                  4.5690661558172474E-002                  4.0046524651343911E-005                  2.1211155030131061E+002                  4.5564655577860338E-002                  9.9999721085745996E-001                  7.6800325983842859E+000                  7.6800501013451790E+000                 -8.4206055227679482E+000                  2.3265643143941541E+000                  3.9596607206831420E+000                 -3.9016708314378007E-001                 -1.3401725537196558E+000 
                 6.5613765739039760E+000                  3.5603114763222628E-009                  4.5245924964471926E-002                  4.0046524651343911E-005                  2.0975469239164707E+002                  4.5128572824018241E-002                  9.9999737710065306E-001                  7.6496618160279697E+000                  7.6496797189550145E+000                 -8.4485120058106560E+000                  2.3217116813028968E+000                  3.9537759348529873E+000                 -3.8687856027741119E-001                 -1.3444205290584952E+000 
                 6.5968064455038933E+000                  3.3327980158345990E-009                  4.4810356926632530E-002                  4.0046524651343911E-005                  2.0732060572585814E+002                  4.4695272111667600E-002                  9.9999737710065306E-001                  7.6188610489484478E+000                  7.6188794882081172E+000                 -8.4771910059513989E+000                  2.3166424651384512E+000                  3.9478033281863705E+000                 -3.8361429400572766E-001                 -1.3486215967999762E+000 
                 6.6315593890129581E+000                  3.1127585390842859E-009                  4.4386767609743381E-002                  4.0046524651343911E-005                  2.0478069885366568E+002                  4.4273735873904548E-002                  9.9999737710065306E-001                  7.5878957015788995E+000                  7.5879148004660166E+000                 -8.5068545668248561E+000                  2.3112890168072084E+000                  3.9417882212399427E+000                 -3.8039962495537449E-001                 -1.3527464805742180E+000 
                 6.6656932320775217E+000                  2.8986860515641179E-009                  4.3976024721515738E-002                  4.0046524651343911E-005                  2.0210252217499846E+002                  4.3859115648063891E-002                  9.9999721085745996E-001                  7.5568767613086631E+000                  7.5573832392212088E+000                 -8.5377988192971799E+000                  2.3055717293518825E+000                  3.9357500776011825E+000                 -3.7723243580236077E-001                 -1.3567840318997286E+000 
                 6.6993172778363581E+000                  2.6907768915923348E-009                  4.3578458174205560E-002                  4.0046524651343911E-005                  1.9927963284731553E+002                  4.3457652271538562E-002                  9.9999704461426664E-001                  7.5258803858454346E+000                  7.5332978769087795E+000                 -8.5701223106967674E+000                  2.2994629102298614E+000                  3.9297007802449220E+000                 -3.7412248169634615E-001                 -1.3607281393554798E+000 
                 6.7325506451909360E+000                  2.4890977526079641E-009                  4.3193934685920442E-002                  4.0046524651343911E-005                  1.9630371882279309E+002                  4.3069204697020240E-002                  9.9999687837107354E-001                  7.4949465523136327E+000                  7.5100371388600813E+000                 -8.6039580473108117E+000                  2.2929285227755316E+000                  3.9236446540196233E+000                 -3.7108528121798040E-001                 -1.3645772327538426E+000 
                 6.7655227317066853E+000                  2.2960297226076372E-009                  4.2821258919744677E-002                  4.0046524651343911E-005                  1.9321644334185294E+002                  4.2692741461292455E-002                  9.9999671212788022E-001                  7.4640809363649296E+000                  7.4867877879167777E+000                 -8.6390224942004856E+000                  2.2860440791023855E+000                  3.9175829995885803E+000                 -3.6811292784020222E-001                 -1.3683405688523873E+000 
                 6.7983236544125889E+000                  2.1133432297757147E-009                  4.2459152402499784E-002                  4.0046524651343911E-005                  1.9005805122065379E+002                  4.2326971733010699E-002                  9.9999653762965512E-001                  7.4332924665262077E+000                  7.4625361152402361E+000                 -8.6750299631027925E+000                  2.2788862673282697E+000                  3.9115191640127329E+000                 -3.6519023162636499E-001                 -1.3720286797553094E+000 
                 6.8309880197724206E+000                  1.9423847023135376E-009                  4.2107132393362952E-002                  4.0046524651343911E-005                  1.8686819997558743E+002                  4.1971749284831147E-002                  9.9999636313142992E-001                  7.4026200908948274E+000                  7.4370520665721189E+000                 -8.7116647509749843E+000                  2.2715353975680270E+000                  3.9054620050487472E+000                 -3.6232824070532427E-001                 -1.3756443341709199E+000 
                 6.8635451639780776E+000                  1.7815144036680914E-009                  4.1765624879376642E-002                  4.0046524651343911E-005                  1.8361885112948625E+002                  4.1627344500046980E-002                  9.9999618863320483E-001                  7.3720630189635274E+000                  7.4109739709418800E+000                 -8.7492106619976227E+000                  2.2639172609677258E+000                  3.8994175290810063E+000                 -3.5954070433251228E-001                 -1.3791810164816363E+000 
                 6.8960717304049117E+000                  1.6299066138602271E-009                  4.1434545317741801E-002                  4.0046524651343911E-005                  1.8029713055123656E+002                  4.1293510754908905E-002                  9.9999601413497974E-001                  7.3415724724613796E+000                  7.3849642447756931E+000                 -8.7878372779561857E+000                  2.2559888100010239E+000                  3.8933844809343743E+000                 -3.5682295061487834E-001                 -1.3826374225275140E+000 
                 6.9286419539116881E+000                  1.4873087359239901E-009                  4.1113410808006637E-002                  4.0046524651343911E-005                  1.7690412168231848E+002                  4.0969746350526456E-002                  9.9999583963675465E-001                  7.3111689924934629E+000                  7.3590362635528290E+000                 -8.8275988711614541E+000                  2.2477379465550236E+000                  3.8873660098379288E+000                 -3.5416386725173238E-001                 -1.3860164922381473E+000 
                 6.9612946121892172E+000                  1.3539573593996544E-009                  4.0801857127721469E-002                  4.0046524651343911E-005                  1.7345655028923068E+002                  4.0655767314129641E-002                  9.9999566513852955E-001                  7.2809132136539061E+000                  7.3327941008254154E+000                 -8.8683950128067366E+000                  2.2391906996320641E+000                  3.8813723019186139E+000                 -3.5156505219626827E-001                 -1.3893200692148699E+000 
                 6.9940767060953002E+000                  1.2300235042377883E-009                  4.0499523803589878E-002                  4.0046524651343911E-005                  1.6997412643145981E+002                  4.0351282036718387E-002                  9.9999549064030446E-001                  7.2507691684599918E+000                  7.3058833014600673E+000                 -8.9100865896473955E+000                  2.2303828124255136E+000                  3.8754048813186177E+000                 -3.4903535888003095E-001                 -1.3925500832220981E+000 
                 7.0270419577095913E+000                  1.1155159267588625E-009                  4.0205947930197571E-002                  4.0046524651343911E-005                  1.6647660655726284E+002                  4.0055874585777161E-002                  9.9999531614207926E-001                  7.2206851430698737E+000                  7.2781118052244240E+000                 -8.9525242247041135E+000                  2.2213532091127424E+000                  3.8694604447948260E+000                 -3.4657791016819339E-001                 -1.3957096941249152E+000 
                 7.0602305774383440E+000                  1.0100657241027577E-009                  3.9920639668463612E-002                  4.0046524651343911E-005                  1.6297391057860992E+002                  3.9768883017870120E-002                  9.9999513296348852E-001                  7.1906801812758321E+000                  7.2493925051716657E+000                 -8.9956503661317306E+000                  2.2121180808985108E+000                  3.8635371794928308E+000                 -3.4417715480732042E-001                 -1.3988025084102604E+000 
                 7.0936618808840803E+000                  9.1332360184656576E-010                  3.9643245229643242E-002                  4.0046524651343911E-005                  1.5947807866079748E+002                  3.9494024733883033E-002                  9.9999513296348841E-001                  7.1607908482279932E+000                  7.2196246968652558E+000                 -9.0393753192936384E+000                  2.2027009889115439E+000                  3.8576379884274172E+000                 -3.4182612103219606E-001                 -1.4018308010172804E+000 
                 7.1273540269312834E+000                  8.2507847809329953E-010                  3.9373468203397682E-002                  4.0046524651343911E-005                  1.5600962873747238E+002                  3.9226937300217320E-002                  9.9999513296348841E-001                  7.1309792233976808E+000                  7.1585155418437365E+000                 -9.0835047411689587E+000                  2.1931513973289234E+000                  3.8517616085598916E+000                 -3.3953506818675655E-001                 -1.4047963287896996E+000 
                 7.1612509496158046E+000                  7.4499961053603664E-010                  3.9111621867445323E-002                  4.0046524651343911E-005                  1.5258629329790639E+002                  3.8964209602784662E-002                  9.9999494978489767E-001                  7.1012867377475963E+000                  7.1014968692640847E+000                 -9.1278439542880747E+000                  2.1835155169035243E+000                  3.8459175933843155E+000                 -3.3731104271047069E-001                 -1.4076941744984590E+000 
                 7.1950685352487449E+000                  6.7293499263042253E-010                  3.8859581086778248E-002                  4.0046524651343911E-005                  1.4923601554896203E+002                  3.8718669761925853E-002                  9.9999513296348841E-001                  7.0719858372574489E+000                  7.0722757064517898E+000                 -9.1720268877901496E+000                  2.1738736390203015E+000                  3.8401498280342303E+000                 -3.3515342698672712E-001                 -1.4105018854830511E+000 
                 7.2286732871435957E+000                  6.0855916505712656E-010                  3.8617678136250520E-002                  4.0046524651343911E-005                  1.4598628172249710E+002                  3.8479543793278510E-002                  9.9999513296348841E-001                  7.0432249862314462E+000                  7.0435833298469248E+000                 -9.2156971926044413E+000                  2.1643120408031189E+000                  3.8344824095986594E+000                 -3.3306427615309175E-001                 -1.4132138414558320E+000 
                 7.2620240809317700E+000                  5.5195494649757425E-010                  3.8385163236623450E-002                  4.0046524651343911E-005                  1.4289717274781918E+002                  3.8256815907808481E-002                  9.9999549064030424E-001                  7.0149568569371867E+000                  7.0153840979221735E+000                 -9.2580963702527441E+000                  2.1550236297500622E+000                  3.8289119311791784E+000                 -3.3105236402368005E-001                 -1.4158366081738696E+000 
                 7.2951136943374681E+000                  5.0291571499407635E-010                  3.8160698100385179E-002                  4.0046524651343911E-005                  1.4002161129391587E+002                  3.8045660713055728E-002                  9.9999601413497952E-001                  6.9870975085791622E+000                  6.9875589679149002E+000                 -9.2985047934334020E+000                  2.1461950643889893E+000                  3.8234235677078154E+000                 -3.2911209654260976E-001                 -1.4183836890420534E+000 
                 7.3279140902268320E+000                  4.6107898652084512E-010                  3.7942929106956839E-002                  4.0046524651343911E-005                  1.3740667485316331E+002                  3.7841582621177552E-002                  9.9999653762965490E-001                  6.9595358106485854E+000                  6.9600050985164037E+000                 -9.3362246701163034E+000                  2.1380078235057125E+000                  3.8179900183501942E+000                 -3.2722177469822417E-001                 -1.4208691456169504E+000 
                 7.3603604144593158E+000                  4.2533245446056698E-010                  3.7730938570696440E-002                  4.0046524651343911E-005                  1.3504010006760171E+002                  3.7643260669652706E-002                  9.9999704461426620E-001                  6.9321726641888768E+000                  6.9326313409176459E+000                 -9.3712714777247701E+000                  2.1304627445115525E+000                  3.8125897573967329E+000                 -3.2536968000884675E-001                 -1.4233023914328633E+000 
                 7.3924002151629082E+000                  3.9445485344960182E-010                  3.7524082290245647E-002                  4.0046524651343911E-005                  1.3288431161018241E+002                  3.7442643021705503E-002                  9.9999721085745952E-001                  6.9049016628275144E+000                  6.9053385250918842E+000                 -9.4040026959265663E+000                  2.1234737043953573E+000                  3.8072053263050463E+000                 -3.2355582230298391E-001                 -1.4256899203013720E+000 
                 7.4261315455312324E+000                  3.6557253658601980E-010                  3.7308573083825153E-002                  4.0046524651343911E-005                  1.3075806816940630E+002                  3.7237137286866395E-002                  9.9999754334384572E-001                  6.8758184976116876E+000                  6.8762265271590497E+000                 -9.4370264378209914E+000                  2.1164684891779006E+000                  3.8014614212625855E+000                 -3.2166051593283046E-001                 -1.4281913608136705E+000 
                 7.4609279182185544E+000                  3.3876274825306157E-010                  3.7088292359887864E-002                  4.0046524651343911E-005                  1.2867225663238415E+002                  3.7021231087410997E-002                  9.9999762646544232E-001                  6.8453289746368675E+000                  6.8457047924934651E+000                 -9.4701043525255582E+000                  2.1094849112164171E+000                  3.7954328881674653E+000                 -3.1970961714951340E-001                 -1.4307631622429866E+000 
                 7.4956299308500620E+000                  3.1444543056459000E-010                  3.6870309768866412E-002                  4.0046524651343911E-005                  1.2667104499852357E+002                  3.6809244506904940E-002                  9.9999779270863554E-001                  6.8143477673787425E+000                  6.8146891524547835E+000                 -9.5024547119387801E+000                  2.1026773470509248E+000                  3.7892964672251161E+000                 -3.1775843089372097E-001                 -1.4333232136186131E+000 
                 7.5299308438644061E+000                  2.9185463389396512E-010                  3.6656537674341017E-002                  4.0046524651343911E-005                  1.2469394114916618E+002                  3.6599436915427552E-002                  9.9999787583023214E-001                  6.7831388198667844E+000                  6.7834442120824878E+000                 -9.5348334068300851E+000                  2.0958453454792765E+000                  3.7831056656177711E+000                 -3.1582703776004367E-001                 -1.4358485579209692E+000 
                 7.5637386521049113E+000                  2.7059304329900307E-010                  3.6447907698046213E-002                  4.0046524651343911E-005                  1.2270783110030716E+002                  3.6392840253988708E-002                  9.9999787583023214E-001                  6.7518368618484113E+000                  6.7521053868543177E+000                 -9.5676833729109436E+000                  2.0888722737096308E+000                  3.7768875971270774E+000                 -3.1392685748105231E-001                 -1.4383273974221074E+000 
                 7.5970669887691749E+000                  2.5070374287425430E-010                  3.6244682779332273E-002                  4.0046524651343911E-005                  1.2072507316026720E+002                  3.6191513863880191E-002                  9.9999787583023214E-001                  6.7205036222840127E+000                  6.7228184827424728E+000                 -9.6008391822065171E+000                  2.0817974711380538E+000                  3.7706504700508825E+000                 -3.1205759483250373E-001                 -1.4407556969267392E+000 
                 7.6299729353588042E+000                  2.3167507489558815E-010                  3.6046839167280013E-002                  4.0046524651343911E-005                  1.1869041761307086E+002                  3.5995480993611731E-002                  9.9999787583023214E-001                  6.6891936209618290E+000                  6.7150450781662290E+000                 -9.6351206879087243E+000                  2.0744156518378021E+000                  3.7644021446762364E+000                 -3.1021620569839475E-001                 -1.4431328111773403E+000 
                 7.6624987644263802E+000                  2.1350210218193972E-010                  3.5854706024972580E-002                  4.0046524651343911E-005                  1.1660223639099097E+002                  3.5803526392313323E-002                  9.9999779270863554E-001                  6.6579961871190454E+000                  6.7076818669982110E+000                 -9.6705978444725780E+000                  2.0667068740861154E+000                  3.7581620131973690E+000                 -3.0840833817183322E-001                 -1.4454538339558936E+000 
                 7.6947585377484122E+000                  1.9731584888426226E-010                  3.5667379097091882E-002                  4.0046524651343911E-005                  1.1462631155657597E+002                  3.5616281442350566E-002                  9.9999770958703893E-001                  6.6267430897446369E+000                  6.7031905753016199E+000                 -9.7048380297678829E+000                  2.0592843118971906E+000                  3.7518982009933426E+000                 -3.0662862994309709E-001                 -1.4477288022256960E+000 
                 7.7268117991940004E+000                  1.8168362905219518E-010                  3.5484750397087643E-002                  4.0046524651343911E-005                  1.1257384398431284E+002                  3.5433801151233263E-002                  9.9999762646544232E-001                  6.5955286497372905E+000                  6.6964157094130528E+000                 -9.7406842038565600E+000                  2.0514374899074892E+000                  3.7456261152808659E+000                 -3.0487891269244055E-001                 -1.4499582452906319E+000 
                 7.7586064549975431E+000                  1.6731040218729233E-010                  3.5307147972351391E-002                  4.0046524651343911E-005                  1.1055511512605096E+002                  3.5256320046478974E-002                  9.9999754334384572E-001                  6.5644378009179025E+000                  6.6899800196548052E+000                 -9.7764770568134498E+000                  2.0435788351719468E+000                  3.7393605902498188E+000                 -3.0315773274083080E-001                 -1.4521373622979921E+000 
                 7.7902130235154630E+000                  1.5419091482589224E-010                  3.5133916011339555E-002                  4.0046524651343911E-005                  1.0858775168475394E+002                  3.5081883306600579E-002                  9.9999737710065262E-001                  6.5333904667908262E+000                  6.6839074335533484E+000                 -9.8119412148532934E+000                  2.0357808351288962E+000                  3.7330888558595481E+000                 -3.0146291503726985E-001                 -1.4542734412318130E+000 
                 7.8217738070688103E+000                  1.4212588303267484E-010                  3.4964106414790377E-002                  4.0046524651343911E-005                  1.0665629705427673E+002                  3.4913432468836679E-002                  9.9999737710065262E-001                  6.5063837796677682E+000                  6.6756804939481489E+000                 -9.8473268240102652E+000                  2.0279864955435793E+000                  3.7267837202419440E+000                 -2.9978763746377562E-001                 -1.4563775666396641E+000 
                 7.8532239894076117E+000                  1.3066307710055309E-010                  3.4798280150885846E-002                  4.0046524651343911E-005                  1.0468603582472481E+002                  3.4746531561032003E-002                  9.9999721085745952E-001                  6.4951652680413865E+000                  6.6465068764547839E+000                 -9.8838471184402916E+000                  2.0198887485314176E+000                  3.7204557376673608E+000                 -2.9812419668039691E-001                 -1.4584422198303548E+000 
                 7.8845534369546018E+000                  1.1986027518802084E-010                  3.4636727283578021E-002                  4.0046524651343911E-005                  1.0269039321203510E+002                  3.4585189805986009E-002                  9.9999712773586291E-001                  6.4841218029808720E+000                  6.6173221769190622E+000                 -9.9213247295387337E+000                  2.0115298107658135E+000                  3.7141153541923271E+000                 -2.9648465297005805E-001                 -1.4604631498483676E+000 
                 7.9157965265899284E+000                  1.1016718071666691E-010                  3.4479118605636315E-002                  4.0046524651343911E-005                  1.0077769143004663E+002                  3.4427766520872170E-002                  9.9999704461426631E-001                  6.4731890758000814E+000                  6.5882079968178031E+000                 -9.9579477644360566E+000                  2.0033643994342483E+000                  3.7077642632776171E+000                 -2.9486678872150285E-001                 -1.4624438446338988E+000 
                 7.9470134677801862E+000                  1.0108133615540393E-010                  3.4325005263410792E-002                  4.0046524651343911E-005                  9.8853456996004141E+001                  3.4272826862297774E-002                  9.9999687837107321E-001                  6.4623598961738651E+000                  6.5592759187477352E+000                 -9.9953290259420342E+000                  1.9949918554889561E+000                  3.7013985382223762E+000                 -2.9326757061254061E-001                 -1.4643893874963030E+000 
                 7.9781991178216476E+000                  9.2655002326739266E-011                  3.4174447914674555E-002                  4.0046524651343911E-005                  9.6938409208442238E+001                  3.4123578259982829E-002                  9.9999687837107321E-001                  6.4519105577923002E+000                  6.5305009425431866E+000                 -1.0033131128700683E+001                  1.9864958823982513E+000                  3.6949847652383236E+000                 -2.9167925349134605E-001                 -1.4662984926942171E+000 
                 8.0094242487696317E+000                  8.4893048861780097E-011                  3.4027623701062951E-002                  4.0046524651343911E-005                  9.5045518987603330E+001                  3.3976038373067841E-002                  9.9999671212788011E-001                  6.4416523855557850E+000                  6.5018433824595583E+000                 -1.0071127868820374E+001                  1.9779316402927376E+000                  3.6885390229657866E+000                 -2.9010996013460832E-001                 -1.4681683785430357E+000 
                 8.0407248671631084E+000                  7.7708244186238645E-011                  3.3885423905634447E-002                  4.0046524651343911E-005                  9.3162200264070577E+001                  3.3835106896987474E-002                  9.9999671212788011E-001                  6.4308740617785736E+000                  6.4732305768676728E+000                 -1.0109532903790344E+001                  1.9692397307682565E+000                  3.6821004452750072E+000                 -2.8857433376326858E-001                 -1.4699870769790584E+000 
                 8.0721608078412288E+000                  7.0993712887815603E-011                  3.3748175766065008E-002                  4.0046524651343911E-005                  9.1266048131882798E+001                  3.3697183713513892E-002                  9.9999653762965501E-001                  6.4213504435654576E+000                  6.5450634000118875E+000                 -1.0148780110140475E+001                  1.9603092395320232E+000                  3.6756335717769035E+000                 -2.8707081033892845E-001                 -1.4717496976816575E+000 
                 8.1038629596842746E+000                  6.4831354882531924E-011                  3.3612989873543588E-002                  4.0046524651343911E-005                  8.9396831558248437E+001                  3.3563263878883226E-002                  9.9999653762965501E-001                  6.4148430431974228E+000                  6.5647510329138985E+000                 -1.0188214902169134E+001                  1.9513221203554239E+000                  3.6691217752358005E+000                 -2.8557175622436665E-001                 -1.4734928553427882E+000 
                 8.1358521172448981E+000                  5.8966076745919165E-011                  3.3478671364913545E-002                  4.0046524651343911E-005                  8.7477401864825950E+001                  3.3429336441389561E-002                  9.9999645038054241E-001                  6.4033719438012282E+000                  6.4235048459511983E+000                 -1.0229397766647818E+001                  1.9418958694416233E+000                  3.6625852640107754E+000                 -2.8403682915499290E-001                 -1.4752317857545287E+000 
                 8.1680104578194257E+000                  5.4279303743835248E-011                  3.3347600648675486E-002                  4.0046524651343911E-005                  8.5853043509462267E+001                  3.3299365572787981E-002                  9.9999645038054241E-001                  6.3891516783434730E+000                  6.4339497188149792E+000                 -1.0265365731796193E+001                  1.9337556892773113E+000                  3.6559610385618857E+000                 -2.8247589025794223E-001                 -1.4769354080000918E+000 
                 8.2009089147991361E+000                  4.9316275115605663E-011                  3.3219387578777439E-002                  4.0046524651343911E-005                  8.3981026826701310E+001                  3.3171569108216677E-002                  9.9999636313142981E-001                  6.3569050651983430E+000                  6.3569692689540664E+000                 -1.0307009733329943E+001                  1.9241811740512094E+000                  3.6491503459168655E+000                 -2.8095069413264717E-001                 -1.4786083783147632E+000 
                 8.2339714484175666E+000                  4.5063854480993228E-011                  3.3098639071221993E-002                  4.0046524651343911E-005                  8.2258623913041504E+001                  3.3051989014224008E-002                  9.9999636313142981E-001                  6.3247815368081666E+000                  6.3249609596122172E+000                 -1.0346171664182693E+001                  1.9151814336312925E+000                  3.6423412203048220E+000                 -2.7953903930388435E-001                 -1.4801898629013044E+000 
                 8.2673321594480722E+000                  4.1124925332903648E-011                  3.2975934178057768E-002                  4.0046524651343911E-005                  8.0548443286619928E+001                  3.2930429553876227E-002                  9.9999636313142981E-001                  6.2929409433470349E+000                  6.2930503686408441E+000                 -1.0385894877553515E+001                  1.9060571450588486E+000                  3.6355892433310326E+000                 -2.7808107742147892E-001                 -1.4818028924418283E+000 
                 8.3006916082870355E+000                  3.7440595627011283E-011                  3.2855881122976494E-002                  4.0046524651343911E-005                  7.8824015049601641E+001                  3.2809982218155904E-002                  9.9999618863320472E-001                  6.2610201868282562E+000                  6.2610201868282562E+000                 -1.0426657250866979E+001                  1.8966585462534482E+000                  3.6287955554167994E+000                 -2.7663273139779548E-001                 -1.4833868814877595E+000 
                 8.3339182228297624E+000                  3.4025300428228798E-011                  3.2739026707772137E-002                  4.0046524651343911E-005                  7.7098696354679234E+001                  3.2694326549185825E-002                  9.9999618863320472E-001                  6.2285809104479108E+000                  6.2295158208290440E+000                 -1.0468198031481101E+001                  1.8870470282506806E+000                  3.6219187877825538E+000                 -2.7519286193623060E-001                 -1.4849342357892847E+000 
                 8.3670023611066746E+000                  3.0782639501325729E-011                  3.2625552732465334E-002                  4.0046524651343911E-005                  7.5322885682275896E+001                  3.2581698940145870E-002                  9.9999618863320472E-001                  6.1971262616625102E+000                  6.1984046912434039E+000                 -1.0511694143708150E+001                  1.8769269432506093E+000                  3.6152185383229241E+000                 -2.7379952865520013E-001                 -1.4864421219026669E+000 
                 8.3996172245878959E+000                  2.7773829823670767E-011                  3.2518555135107319E-002                  4.0046524651343911E-005                  7.3531385197740292E+001                  3.2473163126105362E-002                  9.9999601413497963E-001                  6.1672251226981647E+000                  6.1681915246657812E+000                 -1.0556364229842659E+001                  1.8664727403795141E+000                  3.6088425442905590E+000                 -2.7248423447674619E-001                 -1.4878687592277311E+000 
                 8.4317457452325009E+000                  2.4996686009925034E-011                  3.2416688257081647E-002                  4.0046524651343911E-005                  7.1732457899710255E+001                  3.2369774961826595E-002                  9.9999583963675442E-001                  6.1380754460668756E+000                  6.1391703225854730E+000                 -1.0602117565048125E+001                  1.8557157046990969E+000                  3.6026449668012517E+000                 -2.7122586709143809E-001                 -1.4892313554696301E+000 
                 8.4637401020016316E+000                  2.2376001020480255E-011                  3.2319062362399245E-002                  4.0046524651343911E-005                  6.9878836959408162E+001                  3.2269338401874549E-002                  9.9999549064030424E-001                  6.1098325898773593E+000                  6.1119422402443702E+000                 -1.0650217526830087E+001                  1.8443456602314865E+000                  3.5965898028932055E+000                 -2.7001646384455430E-001                 -1.4905412474253894E+000 
                 8.4957505398635096E+000                  1.9975579654013934E-011                  3.2224559737228667E-002                  4.0046524651343911E-005                  6.8023782581316922E+001                  3.2173402883403368E-002                  9.9999531614207882E-001                  6.0824741463958851E+000                  6.0844771029420182E+000                 -1.0699500609416368E+001                  1.8326607695778614E+000                  3.5907025552450849E+000                 -2.6886281139580875E-001                 -1.4918130074112796E+000 
                 8.5279286683055062E+000                  1.7901747546247754E-011                  3.2133831035485283E-002                  4.0046524651343911E-005                  6.6278402410214454E+001                  3.2079963327105679E-002                  9.9999494978489745E-001                  6.0556833204148095E+000                  6.0575591160724853E+000                 -1.0747104571665513E+001                  1.8213720224254413E+000                  3.5849112754654628E+000                 -2.6775484444581288E-001                 -1.4930374942310127E+000 
                 8.5607817673155893E+000                  1.5907987922973689E-011                  3.2045758754206635E-002                  4.0046524651343911E-005                  6.4438876786933307E+001                  3.1990517143857346E-002                  9.9999476660630671E-001                  6.0293246214746103E+000                  6.0309690296025176E+000                 -1.0798384747393618E+001                  1.8091479519158544E+000                  3.5791534741400790E+000                 -2.6667958699751154E-001                 -1.4942294410758905E+000 
                 8.5941766856443813E+000                  1.4221045675793223E-011                  3.1960817712744317E-002                  4.0046524651343911E-005                  6.2741279367874107E+001                  3.1903101402754923E-002                  9.9999440024912523E-001                  6.0032487990278467E+000                  6.0048602089575560E+000                 -1.0847068468688510E+001                  1.7975533599824320E+000                  3.5734215486161398E+000                 -2.6563764263556838E-001                 -1.4953821178564926E+000 
                 8.6285413801560491E+000                  1.2697667437342810E-011                  3.1877681746766563E-002                  4.0046524651343911E-005                  6.1068471611412882E+001                  3.1817635090838230E-002                  9.9999403389194397E-001                  5.9769132759355621E+000                  5.9787434858293143E+000                 -1.0896276051652771E+001                  1.7858170400614213E+000                  3.5676176142787788E+000                 -2.6461942879881178E-001                 -1.4965132694966019E+000 
                 8.6640214538373641E+000                  1.1298245185399148E-011                  3.1795418103725159E-002                  4.0046524651343911E-005                  5.9388165281432350E+001                  3.1733130531650854E-002                  9.9999365845555443E-001                  5.9504484039826320E+000                  5.9523725972245591E+000                 -1.0946989004789062E+001                  1.7736998969053723E+000                  3.5617310161219589E+000                 -2.6362311202157684E-001                 -1.4976354597526487E+000 
                 8.7000305363269632E+000                  1.0098187493791822E-011                  3.1716097728594954E-002                  4.0046524651343911E-005                  5.7816315847495048E+001                  3.1651664235943476E-002                  9.9999327393995663E-001                  5.9246574460034616E+000                  5.9264986412443434E+000                 -1.0995756569988002E+001                  1.7620504020306131E+000                  3.5559102184037918E+000                 -2.6267126371675403E-001                 -1.4987202526026007E+000 
                 8.7370259066252629E+000                  8.9879729442841099E-012                  3.1638312715769855E-002                  4.0046524651343911E-005                  5.6226132688419355E+001                  3.1571873867541178E-002                  9.9999288942435893E-001                  5.8988354941315446E+000                  5.9006002963777382E+000                 -1.1046338243569975E+001                  1.7499382001638870E+000                  3.5500350881539702E+000                 -2.6175319204027542E-001                 -1.4997866856601350E+000 
                 8.7748219553999807E+000                  8.0041175996780121E-012                  3.1562632267228205E-002                  4.0046524651343911E-005                  5.4685374366767725E+001                  3.1493340484693821E-002                  9.9999230313071030E-001                  5.8732483691664559E+000                  5.8749734034920573E+000                 -1.1096686539161757E+001                  1.7378711757194445E+000                  3.5441611533768933E+000                 -2.6088152412377785E-001                 -1.5008267845671410E+000 
                 8.8135115910500463E+000                  7.1025968893551709E-012                  3.1488903504398424E-002                  4.0046524651343911E-005                  5.3137969557243750E+001                  3.1417874902177886E-002                  9.9999190909486058E-001                  5.8479636268865338E+000                  5.8496310227723365E+000                 -1.1148582833180486E+001                  1.7254049409066670E+000                  3.5382722731326615E+000                 -2.6005199342046470E-001                 -1.5018424619509494E+000 
                 8.8530326185267452E+000                  6.3343341070260253E-012                  3.1417257596961311E-002                  4.0046524651343911E-005                  5.1697618710361354E+001                  3.1343690131469586E-002                  9.9999130376070833E-001                  5.8228799891992384E+000                  5.8244228458262661E+000                 -1.1198299033321069E+001                  1.7134705234346932E+000                  3.5323572822125660E+000                 -2.5926339257110620E-001                 -1.5028317270772937E+000 
                 8.8937532540079349E+000                  5.6498166819388582E-012                  3.1346829489764402E-002                  4.0046524651343911E-005                  5.0296899397975530E+001                  3.1271767932423346E-002                  9.9999090020460668E-001                  5.7977500824783492E+000                  5.7992684412421971E+000                 -1.1247965643386575E+001                  1.7015411965942513E+000                  3.5263650821030494E+000                 -2.5850924825980715E-001                 -1.5038063784291631E+000 
                 8.9355597838484382E+000                  5.0396647218393347E-012                  3.1277961239519411E-002                  4.0046524651343911E-005                  4.8933989969382324E+001                  3.1201259046803830E-002                  9.9999043123074738E-001                  5.7727195686499773E+000                  5.7742305089038322E+000                 -1.1297598355280369E+001                  1.6896106108453532E+000                  3.5203428600087436E+000                 -2.5778846995871030E-001                 -1.5047615628782645E+000 
                 8.9785354440425973E+000                  4.4828539614276390E-012                  3.1210498017161175E-002                  4.0046524651343911E-005                  4.7573788300555769E+001                  3.1131876236896967E-002                  9.9998985138569962E-001                  5.7476898391437565E+000                  5.7492349235778208E+000                 -1.1348445408976989E+001                  1.6773677166641487E+000                  3.5142796066321780E+000                 -2.5708985151313490E-001                 -1.5056993013641651E+000 
                 9.0225609289855182E+000                  4.0068228512496216E-012                  3.1144609970031940E-002                  4.0046524651343911E-005                  4.6306080840930520E+001                  3.1063280586405992E-002                  9.9998900434484306E-001                  5.7228053642369296E+000                  5.7244360519372792E+000                 -1.1397199858072778E+001                  1.6656380054628648E+000                  3.5081860254178165E+000                 -2.5641586281561374E-001                 -1.5066171035094913E+000 
                 9.0678569632430541E+000                  3.5703640085393833E-012                  3.1080145975174181E-002                  4.0046524651343911E-005                  4.5036645865539086E+001                  3.0998458936248339E-002                  9.9998878211872810E-001                  5.6980885010995488E+000                  5.6997619475512620E+000                 -1.1447287504100398E+001                  1.6535660172515800E+000                  3.5020904333242888E+000                 -2.5576348859048204E-001                 -1.5075169501007319E+000 
                 9.1145318503055233E+000                  3.2144229606525980E-012                  3.1016385579117515E-002                  4.0046524651343911E-005                  4.3914667897617370E+001                  3.0932910276965941E-002                  9.9998811544038324E-001                  5.6732389125687908E+000                  5.6749146965121628E+000                 -1.1492896978415290E+001                  1.6426095801477685E+000                  3.4959500172297950E+000                 -2.5511520030781665E-001                 -1.5084088130505557E+000 
                 9.1625816982470525E+000                  2.9345103613621286E-012                  3.0952767902011524E-002                  4.0046524651343911E-005                  4.2969827319285770E+001                  3.0868515368855928E-002                  9.9998767098815322E-001                  5.6483732317833883E+000                  5.6498650076876915E+000                 -1.1532464352712188E+001                  1.6331635844554775E+000                  3.4897771931658963E+000                 -2.5446670976705649E-001                 -1.5093005088144220E+000 
                 9.2120582117463545E+000                  2.7426908673677442E-012                  3.0887010164398047E-002                  4.0046524651343911E-005                  4.2294677959582074E+001                  3.0803444371876813E-002                  9.9998767098815311E-001                  5.6221024937280779E+000                  5.6234865713099662E+000                 -1.1561823139592734E+001                  1.6262856978233586E+000                  3.4832298138675841E+000                 -2.5378136206397101E-001                 -1.5102241289904572E+000 
                 9.2624897695892923E+000                  2.5621064039520236E-012                  3.0819361046927854E-002                  4.0046524651343911E-005                  4.1626214630020492E+001                  3.0735885038068546E-002                  9.9998744876203816E-001                  5.5941339695260206E+000                  5.5960105857043860E+000                 -1.1591402838022384E+001                  1.6193668934222802E+000                  3.4762570892896738E+000                 -2.5304567481827639E-001                 -1.5111763694031262E+000 
                 9.3121702103583424E+000                  2.4057643590162825E-012                  3.0752197716165358E-002                  4.0046524651343911E-005                  4.1020848311990171E+001                  3.0666265348494672E-002                  9.9998629374160453E-001                  5.5657920961426717E+000                  5.5680883653852282E+000                 -1.1618746913401278E+001                  1.6130046107650351E+000                  3.4691820791193084E+000                 -2.5228068757994931E-001                 -1.5121238417780820E+000 
                 9.3609145156932350E+000                  2.2501741272680536E-012                  3.0686025556024711E-002                  4.0046524651343911E-005                  4.0384355503025880E+001                  3.0598549380819920E-002                  9.9998536094728574E-001                  5.5380108251582651E+000                  5.5400854171892799E+000                 -1.1647783873183922E+001                  1.6062131287327153E+000                  3.4622648912052947E+000                 -2.5150367620440484E-001                 -1.5130593576047648E+000 
                 9.4086855597977301E+000                  2.1067210524339046E-012                  3.0621330596545822E-002                  4.0046524651343911E-005                  3.9766665529788995E+001                  3.0533561456204072E-002                  9.9998487154432536E-001                  5.5101813874258116E+000                  5.5122600493126059E+000                 -1.1676392964823163E+001                  1.5995191478795365E+000                  3.4553997231016691E+000                 -2.5069643409568854E-001                 -1.5139759417180279E+000 
                 9.4556882959947437E+000                  1.9798844422594231E-012                  3.0558369950227017E-002                  4.0046524651343911E-005                  3.9194426711463763E+001                  3.0469220657179875E-002                  9.9998389273840460E-001                  5.4826102314621536E+000                  5.4846203793794297E+000                 -1.1703360156987772E+001                  1.5932242868237210E+000                  3.4486476323019253E+000                 -2.4986772891428566E-001                 -1.5148698156887015E+000 
                 9.5024859603734200E+000                  1.8588910600279463E-012                  3.0496553381179261E-002                  4.0046524651343911E-005                  3.8620469924562094E+001                  3.0406164767822468E-002                  9.9998288981590711E-001                  5.4555339750067153E+000                  5.4569933405199453E+000                 -1.1730746061231356E+001                  1.5868175231158399E+000                  3.4420465103773199E+000                 -2.4902484485879264E-001                 -1.5157492403947304E+000 
                 9.5490284607215852E+000                  1.7486258475467833E-012                  3.0436496110390003E-002                  4.0046524651343911E-005                  3.8072057373891283E+001                  3.0344959572939020E-002                  9.9998186277683299E-001                  5.4279415179444408E+000                  5.4295510470762851E+000                 -1.1757303106318224E+001                  1.5806063144357072E+000                  3.4353794735171421E+000                 -2.4815667645177381E-001                 -1.5166053455778989E+000 
                 9.5957586486694062E+000                  1.6395725451477855E-012                  3.0377967789194268E-002                  4.0046524651343911E-005                  3.7500128158270897E+001                  3.0285438083243708E-002                  9.9998081045828546E-001                  5.4007620442808406E+000                  5.4025138253622380E+000                 -1.1785269362611357E+001                  1.5740327189368095E+000                  3.4288030667109686E+000                 -2.4728390619331370E-001                 -1.5174412827266712E+000 
                 9.6425283000396043E+000                  1.5439019878048244E-012                  3.0321768480656316E-002                  4.0046524651343911E-005                  3.6974909509089279E+001                  3.0228539296287653E-002                  9.9997973286026487E-001                  5.3749031440430484E+000                  5.3761359069299637E+000                 -1.1811380273628920E+001                  1.5679070861182240E+000                  3.4224771078237035E+000                 -2.4643031153064426E-001                 -1.5182454725982817E+000 
                 9.6905598396811765E+000                  1.4567099235531201E-012                  3.0266333467393835E-002                  4.0046524651343911E-005                  3.6474791274618696E+001                  3.0172726547548042E-002                  9.9997862876545307E-001                  5.3481192158573077E+000                  5.3496086169390127E+000                 -1.1836626921217322E+001                  1.5619927815620551E+000                  3.4160339475446362E+000                 -2.4555914180503599E-001                 -1.5190401872801442E+000 
                 9.6989700043360187E+000                  1.4396712781056460E-012                  3.0256612514858599E-002                  4.0046524651343911E-005                  3.6373503587676169E+001                  3.0162371646159966E-002                  9.9997806346965146E-001                  5.3433626084139787E+000                  5.3449426822165655E+000                 -1.1841736659572861E+001                  1.5607851016094108E+000                  3.4148990264567276E+000                 -2.4540574534733245E-001                 -1.5191796965526254E+000 
