                           1                            2                            3                            4                            5 
              version_number                 initial_mass                    initial_z                    burn_min1                    burn_min2 
                       10398      1.0000000000000000E+000      2.0000000000000000E-002      5.0000000000000000E+001      1.0000000000000000E+003 

                                       1                                        2                                        3                                        4                                        5                                        6                                        7                                        8                                        9                                       10                                       11                                       12                                       13                                       14 
                            log_star_age                               luminosity                                   radius                                star_mass                 surface_cell_temperature                           conv_mx1_top_r                             conv_mx1_top                           center_entropy                              max_entropy                                    log_L                                 log_Teff                             log_center_T                           log_center_Rho                                    log_R 
                 3.4981789125485649E+000                  1.0817417346869231E-008                  3.3621694192351316E-002                  1.5169138125509057E-005                  3.2125546500327295E+002                  1.8137299826896828E-002                  6.1939315162564390E-001                  8.3555582136114523E+000                  8.3605326184686675E+000                 -7.9658764144500829E+000                  2.5068505177680263E+000                  3.8240769718605159E+000                 -1.1191705496273479E+000                 -1.4733804063084672E+000 
                 3.5268134605833148E+000                  1.4707312377772013E-008                  3.5500745931149207E-002                  1.5169138125509057E-005                  3.3759344733991372E+002                  3.5094350411503099E-002                  9.9993070043806109E-001                  8.4637344924788156E+000                  8.4637344924787854E+000                 -7.8324666832307104E+000                  2.5283940082097009E+000                  3.8370641192681378E+000                 -1.1422449616352972E+000                 -1.4497625215821299E+000 
                 3.5441959299420129E+000                  1.7727025407357949E-008                  3.6812315769918419E-002                  1.5169138125509057E-005                  3.4736960584499286E+002                  3.6397090144834977E-002                  9.9993070043806109E-001                  8.5315105280471411E+000                  8.5315105280471411E+000                 -7.7513641328452385E+000                  2.5407918156768590E+000                  3.8449500288546314E+000                 -1.1571770903179279E+000                 -1.4340068613237102E+000 
                 3.5549663553673869E+000                  1.9902971326668838E-008                  3.7702361618315250E-002                  1.5169138125509057E-005                  3.5332520567222639E+002                  3.7281510083384199E-002                  9.9993070043806120E-001                  8.5742985187273355E+000                  8.5742985187273355E+000                 -7.7010820826633175E+000                  2.5481746202602427E+000                  3.8498272173488597E+000                 -1.1668054016685523E+000                 -1.4236314453995171E+000 
                 3.5628267857404530E+000                  2.1656156946047313E-008                  3.8392926964288865E-002                  1.5169138125509057E-005                  3.5760135405434391E+002                  3.7967845232374557E-002                  9.9993070043806120E-001                  8.6058888923524233E+000                  8.6058888923524535E+000                 -7.6644186098162663E+000                  2.5533991544129031E+000                  3.8533768729126816E+000                 -1.1740146037548875E+000                 -1.4157487772813127E+000 
                 3.5699627144292236E+000                  2.3377590726178916E-008                  3.9051407283909031E-002                  1.5169138125509057E-005                  3.6141902639646912E+002                  3.8622377017782955E-002                  9.9993070043806120E-001                  8.6348055320868955E+000                  8.6352445920605874E+000                 -7.6312002488731165E+000                  2.5580110114900605E+000                  3.8565877924249645E+000                 -1.1806890175452684E+000                 -1.4083633109640519E+000 
                 3.5768513432500715E+000                  2.5165665422957228E-008                  3.9717380027249505E-002                  1.5169138125509057E-005                  3.6504064807554477E+002                  3.9284431778656412E-002                  9.9993070043806120E-001                  8.6629250657635133E+000                  8.6638768226952774E+000                 -7.5991915816309286E+000                  2.5623412266384862E+000                  3.8596749912941357E+000                 -1.1872500822784118E+000                 -1.4010194076398104E+000 
                 3.5835860144745135E+000                  2.7043720732394053E-008                  4.0399094088930533E-002                  1.5169138125509057E-005                  3.6851928147067883E+002                  3.9962203545954249E-002                  9.9993070043806132E-001                  8.6906005044399031E+000                  8.6922013722670712E+000                 -7.5679335574647482E+000                  2.5664602155695477E+000                  3.8626793930534533E+000                 -1.1937775407869411E+000                 -1.3936283734188430E+000 
                 3.5901772094377016E+000                  2.9016382342386072E-008                  4.1097494955290886E-002                  1.5169138125509057E-005                  3.7186264946932516E+002                  4.0644520262916858E-002                  9.9992838271455020E-001                  8.7178631058580756E+000                  8.7203250151559946E+000                 -7.5373567347885784E+000                  2.5703825591172897E+000                  3.8656054688487091E+000                 -1.2002770117690571E+000                 -1.3861846491762424E+000 
                 3.5966182977332140E+000                  3.1080698429016836E-008                  4.1811417764260436E-002                  1.5169138125509057E-005                  3.7506338051719564E+002                  4.1354294677284069E-002                  9.9992838271455020E-001                  8.7446674174290209E+000                  8.7479782035163485E+000                 -7.5075092305255655E+000                  2.5741046635483005E+000                  3.8684494098463582E+000                 -1.2067352129117226E+000                 -1.3787051059067574E+000 
                 3.6029081293787590E+000                  3.3240601718515750E-008                  4.2540425312706416E-002                  1.5169138125509057E-005                  3.7813399559589067E+002                  4.2066792746333764E-002                  9.9992606499103909E-001                  8.7709975958969846E+000                  8.7751321445417183E+000                 -7.4783311232553809E+000                  2.5776457236131503E+000                  3.8712107782623866E+000                 -1.2131455555744537E+000                 -1.3711981724013640E+000 
                 3.6090474733911830E+000                  3.5490961097782411E-008                  4.3284012915137622E-002                  1.5169138125509057E-005                  3.8106152348117831E+002                  4.2806124826966677E-002                  9.9992606499103920E-001                  8.7968417107311474E+000                  8.8017738206223264E+000                 -7.4498822397673177E+000                  2.5809950993088164E+000                  3.8738896994222891E+000                 -1.2195021705539970E+000                 -1.3636724820486648E+000 
                 3.6150383847584711E+000                  3.7835043568172580E-008                  4.4041722326285726E-002                  1.5169138125509057E-005                  3.8385820729615341E+002                  4.3559661634060158E-002                  9.9992606499103931E-001                  8.8221839129028989E+000                  8.8279034883945062E+000                 -7.4221057615931745E+000                  2.5841708306007796E+000                  3.8764859961530309E+000                 -1.2257982077648193E+000                 -1.3561357055455197E+000 
                 3.6208866296584530E+000                  4.0280021172838745E-008                  4.4814245608505499E-002                  1.5169138125509057E-005                  3.8653942463727674E+002                  4.4328094456785622E-002                  9.9992606499103931E-001                  8.8470480608015372E+000                  8.8535543828065837E+000                 -7.3949103098352857E+000                  2.5871937957580524E+000                  3.8790035544232495E+000                 -1.2320368201172263E+000                 -1.3485839099811208E+000 
                 3.6265874155892233E+000                  4.2825617551596527E-008                  4.5599878642334175E-002                  1.5169138125509057E-005                  3.8911097776479545E+002                  4.5096775303824249E-002                  9.9992374726752820E-001                  8.8713910501155926E+000                  8.8786817067067325E+000                 -7.3682963657280807E+000                  2.5900734833681582E+000                  3.8814395641802046E+000                 -1.2382039730493568E+000                 -1.3410363131477303E+000 
                 3.6321427488402813E+000                  4.5470236061639268E-008                  4.6397888988982720E-002                  1.5169138125509057E-005                  3.9157243324462149E+002                  4.5875790961031192E-002                  9.9992108277508074E-001                  8.8952113242544630E+000                  8.9032774824960512E+000                 -7.3422727911214540E+000                  2.5928121097082939E+000                  3.8837953787735939E+000                 -1.2442958319416448E+000                 -1.3335017785246883E+000 
                 3.6375541115500520E+000                  4.8211193371152208E-008                  4.7207252791103577E-002                  1.5169138125509057E-005                  3.9392362246077170E+002                  4.6681091314910043E-002                  9.9992108277508074E-001                  8.9185032292854096E+000                  8.9273296250750818E+000                 -7.3168521182972919E+000                  2.5954120248733430E+000                  3.8860719517211697E+000                 -1.2503073079426408E+000                 -1.3259912724427043E+000 
                 3.6428260905539469E+000                  5.1052608873792824E-008                  4.8027452105700669E-002                  1.5169138125509057E-005                  3.9617688190563535E+002                  4.7482187584083901E-002                  9.9991841828263328E-001                  8.9412707780838598E+000                  8.9508444470979249E+000                 -7.2919820598348153E+000                  2.5978891294753557E+000                  3.8882712061157743E+000                 -1.2562360075375305E+000                 -1.3185104524154927E+000 
                 3.6479673562387802E+000                  5.3997961356566423E-008                  4.8859185809115933E-002                  1.5169138125509057E-005                  3.9833699836636885E+002                  4.8310000749805050E-002                  9.9991841828263328E-001                  8.9635472743873965E+000                  8.9738575886680163E+000                 -7.2676226362567862E+000                  2.6002506463611561E+000                  3.8903977965424330E+000                 -1.2620877271215709E+000                 -1.3110537743980781E+000 
                 3.6529812689711303E+000                  5.7048295314974476E-008                  4.9702025416023053E-002                  1.5169138125509057E-005                  4.0040827357920068E+002                  4.9118369322640798E-002                  9.9991308929773837E-001                  8.9853300032847727E+000                  8.9963765146747701E+000                 -7.2437573283949508E+000                  2.6025030425750018E+000                  3.8924528917874892E+000                 -1.2678591153622094E+000                 -1.3036259128948526E+000 
                 3.6578685764470400E+000                  6.0194860376640055E-008                  5.0555128646679305E-002                  1.5169138125509057E-005                  4.0238025473544661E+002                  4.9967634567402129E-002                  9.9991308929773837E-001                  9.0066087487403017E+000                  9.0183960771297933E+000                 -7.2204405885653280E+000                  2.6046366611514378E+000                  3.8944369494474671E+000                 -1.2735450266272319E+000                 -1.2962347801329122E+000 
