                           1                            2                            3                            4                            5 
              version_number                 initial_mass                    initial_z                    burn_min1                    burn_min2 
                       10398      1.0000000000000000E+000      2.0000000000000000E-002      5.0000000000000000E+001      1.0000000000000000E+003 

                                       1                                        2                                        3                                        4                                        5                                        6                                        7                                        8                                        9                                       10                                       11                                       12                                       13                                       14 
                            log_star_age                               luminosity                                   radius                                star_mass                 surface_cell_temperature                           conv_mx1_top_r                             conv_mx1_top                           center_entropy                              max_entropy                                    log_L                                 log_Teff                             log_center_T                           log_center_Rho                                    log_R 
                 3.4981789125485649E+000                  2.9507364369217355E-008                  6.4870346631866693E-002                  3.3372103876119923E-005                  2.9722744973667653E+002                  3.0655785184664885E-002                  6.9794361806738292E-001                  8.3737799514801363E+000                  8.3737799514801061E+000                 -7.5300695804364679E+000                  2.4730889138321759E+000                  4.0590835851777616E+000                 -5.2730160502903400E-001                 -1.1879537814299590E+000 
                 3.5377038093091575E+000                  2.9920996356547487E-008                  6.5050319670998669E-002                  3.3372103876119923E-005                  2.9785076139091296E+002                  6.4389150607230661E-002                  9.9998340485443937E-001                  8.3783554899446848E+000                  8.3783554899446848E+000                 -7.5240239487438751E+000                  2.4739987134815524E+000                  4.0597964350404787E+000                 -5.2807400068944332E-001                 -1.1867505648824159E+000 
                 3.5889593553897621E+000                  3.0525021589867075E-008                  6.5310847396245958E-002                  3.3372103876119923E-005                  2.9874507545391901E+002                  6.4647919989500258E-002                  9.9998340485443937E-001                  8.3849274697799174E+000                  8.3849274697798872E+000                 -7.5153440202133233E+000                  2.4753007538287695E+000                  4.0608184189108112E+000                 -5.2918597627772457E-001                 -1.1850146813115736E+000 
                 3.6535309975119072E+000                  3.1415159060071022E-008                  6.5688829975598315E-002                  3.3372103876119923E-005                  3.0003261819265413E+002                  6.5008077456627414E-002                  9.9998289140038088E-001                  8.3943560788509632E+000                  8.3943560788509632E+000                 -7.5028607370387226E+000                  2.4771684707421970E+000                  4.0622807799679137E+000                 -5.3078604471128510E-001                 -1.1825084735511284E+000 
                 3.7323304433013704E+000                  3.2733463788233434E-008                  6.6238923631857932E-002                  3.3372103876119923E-005                  3.0187057148355535E+002                  6.5554587057355132E-002                  9.9998289140038088E-001                  8.4078596766481226E+000                  8.4078596766481226E+000                 -7.4850080361059197E+000                  2.4798207758783199E+000                  4.0643674407613721E+000                 -5.3308675000608741E-001                 -1.1788867333569721E+000 
                 3.8253823244830438E+000                  3.4715908717272054E-008                  6.7042921838545488E-002                  3.3372103876119923E-005                  3.0449845054150006E+002                  6.6338228313906261E-002                  9.9998237794632239E-001                  8.4271481058761299E+000                  8.4271481058760997E+000                 -7.4594714622457783E+000                  2.4835850860209296E+000                  4.0673326190526300E+000                 -5.3639293768124940E-001                 -1.1736470667121215E+000 
                 3.9211653629187766E+000                  3.7398695179642309E-008                  6.8093036592576262E-002                  3.3372103876119923E-005                  3.0781670203189060E+002                  6.7366826289575840E-002                  9.9998186449226389E-001                  8.4515781751157455E+000                  8.4515781751157135E+000                 -7.4271435498360603E+000                  2.4882921798332598E+000                  4.0710621195277668E+000                 -5.4062478838770411E-001                 -1.1668972981319230E+000 
                 4.0046269841384872E+000                  4.0460821952235763E-008                  6.9244805830894429E-002                  3.3372103876119923E-005                  3.1131101937452200E+002                  6.8496936261947250E-002                  9.9998135103820540E-001                  8.4774411526215232E+000                  8.4774411526215232E+000                 -7.3929652988836896E+000                  2.4931944926052645E+000                  4.0749766621886243E+000                 -5.4517325525285554E-001                 -1.1596127981997468E+000 
                 4.0754035376650020E+000                  4.3769110587750473E-008                  7.0440628911737371E-002                  3.3372103876119923E-005                  3.1478188890521415E+002                  6.9686995416326822E-002                  9.9998135103820518E-001                  8.5033166927755968E+000                  8.5033166927755968E+000                 -7.3588322783984612E+000                  2.4980097362249767E+000                  4.0788566085046005E+000                 -5.4979353940247322E-001                 -1.1521767751965573E+000 
                 4.1361521549343587E+000                  4.7292345242204662E-008                  7.1666081518097446E-002                  3.3372103876119923E-005                  3.1817811331152745E+002                  7.0890572181724371E-002                  9.9998081230789693E-001                  8.5288433296589776E+000                  8.5288433296589776E+000                 -7.3252091486512407E+000                  2.5026703014504070E+000                  4.0826477943339050E+000                 -5.5440112478788406E-001                 -1.1446863407738082E+000 
                 4.1890925382829929E+000                  5.1017116360413952E-008                  7.2914547415157682E-002                  3.3372103876119923E-005                  3.2147803392858629E+002                  7.2117431226151718E-002                  9.9998027357758867E-001                  8.5538694741698258E+000                  8.5538694741698258E+000                 -7.2922840926519950E+000                  2.5071513028395911E+000                  4.0863294243816144E+000                 -5.5894827818602622E-001                 -1.1371858155525527E+000 
                 4.2359112713030420E+000                  5.4945460978527647E-008                  7.4185107571098419E-002                  3.3372103876119923E-005                  3.2467885739949230E+002                  7.3366623078474066E-002                  9.9997973484728042E-001                  8.5783815102844798E+000                  8.5783815102844798E+000                 -7.2600681786435732E+000                  2.5114540081822132E+000                  4.0899017649051013E+000                 -5.6343022540428223E-001                 -1.1296832692335863E+000 
                 4.2777830127599410E+000                  5.9070128727497759E-008                  7.5474920104627183E-002                  3.3372103876119923E-005                  3.2777065370988839E+002                  7.4635286251529195E-002                  9.9997919611697217E-001                  8.6023469415315095E+000                  8.6023469415315095E+000                 -7.2286320827128803E+000                  2.5155700665656324E+000                  4.0933616071513024E+000                 -5.6785323145900957E-001                 -1.1221973380350787E+000 
                 4.3155999199889061E+000                  6.3385301827028267E-008                  7.6782681024837221E-002                  3.3372103876119923E-005                  3.3074624585791054E+002                  7.5921278667110736E-002                  9.9997863089325101E-001                  8.6257663954883999E+000                  8.6257663954883999E+000                 -7.1980114373148281E+000                  2.5194949227331147E+000                  4.0967096620559573E+000                 -5.7222586858422675E-001                 -1.1147367276710167E+000 
                 4.3500707358252422E+000                  6.7895886664852900E-008                  7.8108856019426326E-002                  3.3372103876119923E-005                  3.3361083434539029E+002                  7.7243625622403916E-002                  9.9997863089325101E-001                  8.6486648894289946E+000                  8.6486648894289946E+000                 -7.1681565357764665E+000                  2.5232401456897517E+000                  4.0999499217747584E+000                 -5.7655258129359732E-001                 -1.1072997228151098E+000 
                 4.3817261961870200E+000                  7.2601082901331196E-008                  7.9453436885746548E-002                  3.3372103876119923E-005                  3.3636348964002929E+002                  7.8566782100719795E-002                  9.9997806566952996E-001                  8.6710484699296160E+000                  8.6710484699296462E+000                 -7.1390569014133334E+000                  2.5268088488462062E+000                  4.1030844173301908E+000                 -5.8082713416584086E-001                 -1.0998873119464525E+000 
                 4.4109816428154440E+000                  7.7515561399821931E-008                  8.0820093799308296E-002                  3.3372103876119923E-005                  3.3901348060414222E+002                  7.9912124878088603E-002                  9.9997750044580902E-001                  8.6929740283953389E+000                  8.6929740283953389E+000                 -7.1106111032786696E+000                  2.5302169673334207E+000                  4.1061235487239491E+000                 -5.8505244131283318E-001                 -1.0924806498535493E+000 
                 4.4381441601851037E+000                  8.2611901247263698E-008                  8.2200619029171973E-002                  3.3372103876119923E-005                  3.4154861536223007E+002                  8.1271457744917522E-002                  9.9997693522208808E-001                  8.7142966899328052E+000                  8.7142966899328371E+000                 -7.0829573827801813E+000                  2.5334525284817948E+000                  4.1090511835678303E+000                 -5.8919665328308046E-001                 -1.0851249119010535E+000 
                 4.4635313018423979E+000                  8.7916497483002096E-008                  8.3600564460420107E-002                  3.3372103876119923E-005                  3.4398729969889069E+002                  8.2630576956937568E-002                  9.9997574923983856E-001                  8.7351232481836565E+000                  8.7351232481836565E+000                 -7.0559296221553645E+000                  2.5365424078123531E+000                  4.1118848513544419E+000                 -5.9328189689005417E-001                 -1.0777907902497619E+000 
                 4.4873421366805735E+000                  9.3403527090819983E-008                  8.5018412279996194E-002                  3.3372103876119923E-005                  3.4630897160865186E+002                  8.4045402281495415E-002                  9.9997574923983867E-001                  8.7554548558264536E+000                  8.7554548558264536E+000                 -7.0296367236932662E+000                  2.5394637421772530E+000                  4.1146258911415856E+000                 -5.9731118768969060E-001                 -1.0704870097485122E+000 
                 4.5097557887375661E+000                  9.9089444938996801E-008                  8.6453538580942721E-002                  3.3372103876119923E-005                  3.4853378343986276E+002                  8.5439877205128925E-002                  9.9997456325758927E-001                  8.7753113278290531E+000                  8.7753113278290229E+000                 -7.0039726043329535E+000                  2.5422448802251716E+000                  4.1172768535125286E+000                 -6.0129106872342797E-001                 -1.0632172261641928E+000 
                 4.5309277809500541E+000                  1.0496404653141583E-007                  8.7905682017429543E-002                  3.3372103876119923E-005                  3.5065584793876474E+002                  8.6889309631424008E-002                  9.9997456325758927E-001                  8.7947174689182255E+000                  8.7947174689181935E+000                 -6.9789594349006814E+000                  2.5448810856214705E+000                  4.1198404324691635E+000                 -6.0522806753253588E-001                 -1.0559830522406553E+000 
                 4.5509948508264104E+000                  1.1103156804724212E-007                  8.9374835577962011E-002                  3.3372103876119923E-005                  3.5268209266799397E+002                  8.8336079457814617E-002                  9.9997394116571225E-001                  8.8136913148663325E+000                  8.8136913148663005E+000                 -6.9545535268027532E+000                  2.5473834086044103E+000                  4.1223189590210696E+000                 -6.0912562720953045E-001                 -1.0487847441575704E+000 
                 4.5700684055987812E+000                  1.1729755748552608E-007                  9.0860198425496363E-002                  3.3372103876119923E-005                  3.5462130232563680E+002                  8.9799211732267584E-002                  9.9997331907383513E-001                  8.8322234672043223E+000                  8.8322234672043223E+000                 -6.9307110312058873E+000                  2.5497648199669372E+000                  4.1247130469003066E+000                 -6.1297897217349706E-001                 -1.0416263190841921E+000 
                 4.5882578008540200E+000                  1.2377416300901292E-007                  9.2363306909550191E-002                  3.3372103876119923E-005                  3.5648165165400695E+002                  9.1260334254919348E-002                  9.9997207489008100E-001                  8.8503226905919892E+000                  8.8503226905919892E+000                 -6.9073700017914375E+000                  2.5520371809327380E+000                  4.1270270700056901E+000                 -6.1678628283229298E-001                 -1.0345005263085678E+000 
                 4.6056519250214665E+000                  1.3044463095507251E-007                  9.3883538078084444E-002                  3.3372103876119923E-005                  3.5825416384785706E+002                  9.2778647996616476E-002                  9.9997207489008100E-001                  8.8679830570732818E+000                  8.8679830570732818E+000                 -6.8845737915700553E+000                  2.5541912463445584E+000                  4.1292636271871350E+000                 -6.2054208123676613E-001                 -1.0274105520215187E+000 
                 4.6223308828014229E+000                  1.3733322763381793E-007                  9.5420940559154621E-002                  3.3372103876119923E-005                  3.5995770883860939E+002                  9.4272507912111156E-002                  9.9997076971417054E-001                  8.8852151780793989E+000                  8.8852151780793651E+000                 -6.8622243729442989E+000                  2.5562514784593890E+000                  4.1314263819095078E+000                 -6.2424523738414339E-001                 -1.0203563069383002E+000 
                 4.6383639361472069E+000                  1.4441423117244315E-007                  9.6975155737886939E-002                  3.3372103876119923E-005                  3.6157772993958264E+002                  9.5825298411125498E-002                  9.9997076971417054E-001                  8.9020362598312204E+000                  8.9020362598312524E+000                 -6.8403900074926520E+000                  2.5582016734877882E+000                  4.1335185793899694E+000                 -6.2789709259182103E-001                 -1.0133395142692760E+000 
                 4.6538127542036385E+000                  1.5171726172917369E-007                  9.8546022575946385E-002                  3.3372103876119923E-005                  3.6313542461888852E+002                  9.7374043762610607E-002                  9.9997011712621531E-001                  8.9184688539542485E+000                  8.9184688539542165E+000                 -6.8189650042677012E+000                  2.5600686169722939E+000                  4.1355431365412967E+000                 -6.3150095770129766E-001                 -1.0063608996258118E+000 
                 4.6687310769275658E+000                  1.5923679168533843E-007                  1.0013306128752904E-001                  3.3372103876119923E-005                  3.6462926867801042E+002                  9.8939214642804793E-002                  9.9996946453826019E-001                  8.9345356351186549E+000                  8.9345356351186869E+000                 -6.7979565811971474E+000                  2.5618515260749475E+000                  4.1375023955364929E+000                 -6.3506071814951492E-001                 -9.9942250629584173E-001 
                 4.6831675233265813E+000                  1.6696230903309942E-007                  1.0173585553292833E-001                  3.3372103876119923E-005                  3.6605556050307501E+002                  1.0049747944946175E-001                  9.9996809545008281E-001                  8.9502581061053927E+000                  8.9502581061053927E+000                 -6.7773815577530989E+000                  2.5635470080015921E+000                  4.1393984136649182E+000                 -6.3858031207314170E-001                 -9.9252595842710645E-001 
                 4.6971697464557529E+000                  1.7490958820909586E-007                  1.0335458754995422E-001                  3.3372103876119923E-005                  3.6742435778445520E+002                  1.0207211542080846E-001                  9.9996672636190542E-001                  8.9656567491113996E+000                  8.9656567491114316E+000                 -6.7571863826758944E+000                  2.5651679434524968E+000                  4.1412334277359593E+000                 -6.4206353432267216E-001                 -9.8567024179031426E-001 
                 4.7107801472458695E+000                  1.8306583184169370E-007                  1.0498919015567583E-001                  3.3372103876119923E-005                  3.6873040378317449E+002                  1.0370656030191637E-001                  9.9996672636190542E-001                  8.9807400384888787E+000                  8.9807400384888787E+000                 -6.7373927066394987E+000                  2.5667089486858332E+000                  4.1430092189128178E+000                 -6.4551090099382935E-001                 -9.7885541423878875E-001 
                 4.7240377903525737E+000                  1.9145206700135646E-007                  1.0663973158637562E-001                  3.3372103876119923E-005                  3.6998567691170445E+002                  1.0531152394063507E-001                  9.9996529030606651E-001                  8.9955057373855762E+000                  8.9955057373855762E+000                 -6.7179399404552997E+000                  2.5681849114713962E+000                  4.1447275703150126E+000                 -6.4891969602740240E-001                 -9.7208095671781536E-001 
                 4.7305461571084662E+000                  1.9569186466325889E-007                  1.0746466968708129E-001                  3.3372103876119923E-005                  3.7058663893747342E+002                  1.0613663212067621E-001                  9.9996529030606662E-001                  9.0027228775349393E+000                  9.0027228775349393E+000                 -6.7084272285335880E+000                  2.5688897570224145E+000                  4.1455606220824324E+000                 -6.5059795387165364E-001                 -9.6873429185899618E-001 
