                           1                            2                            3                            4                            5 
              version_number                 initial_mass                    initial_z                    burn_min1                    burn_min2 
                       10398      3.0338276251018114E-005      2.0000000000000000E-002      5.0000000000000000E+001      1.0000000000000000E+003 

                                       1                                        2                                        3                                        4                                        5                                        6                                        7                                        8                                        9                                       10                                       11                                       12                                       13                                       14 
                            log_star_age                               luminosity                                   radius                                star_mass                 surface_cell_temperature                           conv_mx1_top_r                             conv_mx1_top                           center_entropy                              max_entropy                                    log_L                                 log_Teff                             log_center_T                           log_center_Rho                                    log_R 
                 3.3114739744016055E+000                  1.4941421725671486E-008                  3.0701060098412301E-002                  3.0338276251018114E-005                  3.6446073934220419E+002                  3.0558608339876482E-002                  9.9998629489204516E-001                  8.3616996030119939E+000                  8.3661798089665460E+000                 -7.8256080759987396E+000                  2.5616507133293709E+000                  3.8967022835378602E+000                 -8.9514478104236217E-001                 -1.5128466282054844E+000 
                 3.3260853391317440E+000                  1.5024600134196282E-008                  3.0715481434989308E-002                  3.0338276251018114E-005                  3.6488139548803446E+002                  3.0572814863399564E-002                  9.9998629489204516E-001                  8.3615647728519793E+000                  8.3635867763014460E+000                 -7.8231970775164328E+000                  2.5621514854231151E+000                  3.8966882560005072E+000                 -8.9510800354706355E-001                 -1.5126426731518199E+000 
                 3.3462979571617955E+000                  1.5018626173062569E-008                  3.0713244245425111E-002                  3.0338276251018114E-005                  3.6485821097563826E+002                  3.0570587446241651E-002                  9.9998629489204516E-001                  8.3614320484360718E+000                  8.3619105956424082E+000                 -7.8233697925479762E+000                  2.5621241233547725E+000                  3.8966771882710018E+000                 -8.9506395400647842E-001                 -1.5126743065309065E+000 
                 3.3738447935458744E+000                  1.4988299540769561E-008                  3.0705705760532925E-002                  3.0338276251018114E-005                  3.6471864700460020E+002                  3.0563116598475364E-002                  9.9998629489204516E-001                  8.3604566555914364E+000                  8.3605007433536151E+000                 -7.8242476361277848E+000                  2.5619579672201054E+000                  3.8965375786432896E+000                 -8.9490705450273655E-001                 -1.5127809160514767E+000 
                 3.4106737165213032E+000                  1.4943022811380190E-008                  3.0694512223086372E-002                  3.0338276251018114E-005                  3.6450934411257759E+002                  3.0552024305538866E-002                  9.9998629489204516E-001                  8.3591124724707822E+000                  8.3591888833703401E+000                 -7.8255615405720471E+000                  2.5617086649582461E+000                  3.8963458655624073E+000                 -8.9468887829570531E-001                 -1.5129392637498893E+000 
                 3.4587580083635467E+000                  1.4878193199980359E-008                  3.0678472499513595E-002                  3.0338276251018114E-005                  3.6420852038712258E+002                  3.0536129442808320E-002                  9.9998629489204516E-001                  8.3572295251026461E+000                  8.3573063265212060E+000                 -7.8274498060833029E+000                  2.5613501006958823E+000                  3.8960779040018321E+000                 -8.9438155673560171E-001                 -1.5131662679807898E+000 
                 3.4771212547196622E+000                  1.4851594297523154E-008                  3.0671887372710836E-002                  3.0338276251018114E-005                  3.6408470761694019E+002                  3.0529603714931082E-002                  9.9998629489204516E-001                  8.3564555954360227E+000                  8.3565325059453688E+000                 -7.8282269229493480E+000                  2.5612024370860280E+000                  3.8959677418138989E+000                 -8.9425531136790259E-001                 -1.5132594991941033E+000 
