                           1                            2                            3                            4                            5 
              version_number                 initial_mass                    initial_z                    burn_min1                    burn_min2 
                       10398      1.0000000000000000E+000      2.0000000000000000E-002      5.0000000000000000E+001      1.0000000000000000E+003 

                                       1                                        2                                        3                                        4                                        5                                        6                                        7                                        8                                        9                                       10                                       11                                       12                                       13                                       14 
                            log_star_age                               luminosity                                   radius                                star_mass                 surface_cell_temperature                           conv_mx1_top_r                             conv_mx1_top                           center_entropy                              max_entropy                                    log_L                                 log_Teff                             log_center_T                           log_center_Rho                                    log_R 
                 1.9577435679541189E+000                  7.3076992461663976E-008                  3.8751069685178725E-002                  3.0338276251018114E-005                  4.8242825720392136E+002                  3.4954975536329459E-002                  9.9862590997684575E-001                  9.0104518393916724E+000                  9.1224562036497403E+000                 -7.1362193346662570E+000                  2.6834327369197641E+000                  3.9828938132977614E+000                 -1.0156552999530901E+000                 -1.4117163047200296E+000 
                 2.5188449516031746E+000                  7.1488639659804520E-008                  3.8644273367067182E-002                  3.0338276251018114E-005                  4.8044768449899152E+002                  3.4896363355476238E-002                  9.9864468961406805E-001                  9.0043559051523250E+000                  9.1113720123528328E+000                 -7.1457629669408940E+000                  2.6816461036815005E+000                  3.9821456840223948E+000                 -1.0143817337644698E+000                 -1.4129148543808210E+000 
                 2.8294098901215601E+000                  6.9324330644430103E-008                  3.8495069625162255E-002                  3.0338276251018114E-005                  4.7769234915288075E+002                  3.4788724618922830E-002                  9.9864468961406805E-001                  8.9958082881111245E+000                  9.0956311407429897E+000                 -7.1591143150257412E+000                  2.6791482847377379E+000                  3.9810945468756040E+000                 -1.0126005630593966E+000                 -1.4145948905357202E+000 
                 3.0688683763319768E+000                  6.6443921018174098E-008                  3.8289021268160341E-002                  3.0338276251018114E-005                  4.7392115992715782E+002                  3.4622617538794087E-002                  9.9862590997684575E-001                  8.9839440640299522E+000                  9.0734716681156513E+000                 -7.1775447466855731E+000                  2.6757060989591617E+000                  3.9796315098705519E+000                 -1.0101372423132993E+000                 -1.4169257348084829E+000 
                 3.2757839715628427E+000                  6.2722848253428039E-008                  3.8008803940111670E-002                  3.0338276251018114E-005                  4.6886062289642189E+002                  3.4405441378140736E-002                  9.9860713033962345E-001                  8.9676938859274617E+000                  9.0426491127863375E+000                 -7.2025742285018586E+000                  2.6710437593745708E+000                  3.9776200833298030E+000                 -1.0067802705076407E+000                 -1.4201157965474442E+000 
                 3.4634966413811346E+000                  5.8139505507612579E-008                  3.7638662598378857E-002                  3.0338276251018114E-005                  4.6230667153672977E+002                  3.4118778361875525E-002                  9.9857896088378995E-001                  8.9460000396562656E+000                  9.0010426944310638E+000                 -7.2355286663431704E+000                  2.6649301599438782E+000                  3.9749211203099524E+000                 -1.0023290744823907E+000                 -1.4243658166067141E+000 
                 3.6195650401291455E+000                  5.3407644880256276E-008                  3.7222972903913097E-002                  3.0338276251018114E-005                  4.5511877075337406E+002                  3.3828337221807399E-002                  9.9857896088378995E-001                  8.9212502143462586E+000                  8.9534294432561072E+000                 -7.2723965727153814E+000                  2.6581247469611595E+000                  3.9718222540439738E+000                 -9.9729249822364230E-001                 -1.4291889438273835E+000 
                 3.7449004749873480E+000                  4.9087113862650588E-008                  3.6806802636670438E-002                  3.0338276251018114E-005                  4.4813333148583700E+002                  3.3513734902865903E-002                  9.9855079142795644E-001                  8.8959001685721297E+000                  8.9055097635929208E+000                 -7.3090325020287255E+000                  2.6514072465000345E+000                  3.9686260789314134E+000                 -9.9217930827332834E-001                 -1.4340719075618042E+000 
                 3.8494975525605972E+000                  4.5242473054354876E-008                  3.6400158587873779E-002                  3.0338276251018114E-005                  4.4153421704404934E+002                  3.3229074253288839E-002                  9.9855079142795644E-001                  8.8703884334155063E+000                  8.8738347644867499E+000                 -7.3444536635939581E+000                  2.6449643644361465E+000                  3.9653871015249709E+000                 -9.8708009006922248E-001                 -1.4388967242166459E+000 
                 3.9403514106153392E+000                  4.1835212826215450E-008                  3.6003724260411901E-002                  3.0338276251018114E-005                  4.3535265891257330E+002                  3.2948483125849637E-002                  9.9855079142795644E-001                  8.8446039607547640E+000                  8.8472603152798186E+000                 -7.3784580173077448E+000                  2.6388412004311625E+000                  3.9620915994460155E+000                 -9.8197452145405362E-001                 -1.4436525730635703E+000 
                 4.0218201266387386E+000                  3.8826034916050850E-008                  3.5616359562055229E-002                  3.0338276251018114E-005                  4.2962091492364760E+002                  3.2691903224438532E-002                  9.9857896088378995E-001                  8.8182936578795683E+000                  8.8201538952918206E+000                 -7.4108769592352086E+000                  2.6330854148868648E+000                  3.9587076921288316E+000                 -9.7681588204693814E-001                 -1.4483504729387073E+000 
                 4.0967900593575060E+000                  3.6204457550169606E-008                  3.5236645021388110E-002                  3.0338276251018114E-005                  4.2444620465907127E+002                  3.2462881956676376E-002                  9.9864468961406805E-001                  8.7911049078685632E+000                  8.7921638150376360E+000                 -7.4412379551502124E+000                  2.6278226537750644E+000                  3.9551891403576165E+000                 -9.7153940364740032E-001                 -1.4530054486726078E+000 
                 4.1674967014637865E+000                  3.4047296772648872E-008                  3.4864360888829896E-002                  3.0338276251018114E-005                  4.2020307272540816E+002                  3.2230896318190962E-002                  9.9871637275081271E-001                  8.7624552938110813E+000                  8.7626634267378645E+000                 -7.4679173637314058E+000                  2.6234592230908773E+000                  3.9514564942324584E+000                 -9.6603717178470094E-001                 -1.4576182915948301E+000 
                 4.2361794912631892E+000                  3.2097442488803518E-008                  3.4483006512228513E-002                  3.0338276251018114E-005                  4.1633647826416586E+002                  3.4333942675496561E-002                  9.9998942861608198E-001                  8.7314094339568040E+000                  8.7314191314210259E+000                 -7.4935295706247054E+000                  2.6194444634852783E+000                  3.9473811367858014E+000                 -9.6013989737984229E-001                 -1.4623948758302823E+000 
                 4.3016960546738812E+000                  3.0153101742901239E-008                  3.4092844726417715E-002                  3.0338276251018114E-005                  4.1222164971494749E+002                  3.3947740565749389E-002                  9.9998942861608198E-001                  8.6986494506897589E+000                  8.6986602210684829E+000                 -7.5206680068890117E+000                  2.6151307962439563E+000                  3.9430470983664465E+000                 -9.5399112437649047E-001                 -1.4673367594797910E+000 
                 4.3625450528936183E+000                  2.8285736334209063E-008                  3.3708737697609369E-002                  3.0338276251018114E-005                  4.0799049590905054E+002                  3.3567469416599258E-002                  9.9998942861608198E-001                  8.6653262739448262E+000                  8.6653380255821553E+000                 -7.5484325112236785E+000                  2.6106500455931192E+000                  3.9386070161066646E+000                 -9.4781801244445707E-001                 -1.4722575103454514E+000 
                 4.4191212680235994E+000                  2.6507371717116152E-008                  3.3334463805101952E-002                  3.0338276251018114E-005                  4.0366802443195411E+002                  3.3196856091997080E-002                  9.9998942861608198E-001                  8.6317491460265376E+000                  8.6317617966711495E+000                 -7.5766333316912915E+000                  2.6060243484234311E+000                  3.9341045326897515E+000                 -9.4168238125761095E-001                 -1.4771065262398810E+000 
                 4.4721070688778477E+000                  2.4814546654983766E-008                  3.2970681498137575E-002                  3.0338276251018114E-005                  3.9924735105005766E+002                  3.2836537497818306E-002                  9.9998942861608198E-001                  8.5980309515677966E+000                  8.5980467766468571E+000                 -7.6052936546611933E+000                  2.6012420425481020E+000                  3.9295515536158230E+000                 -9.3560070423769059E-001                 -1.4818720759741741E+000 
                 4.5221009114396642E+000                  2.3202770622892666E-008                  3.2617484895761911E-002                  3.0338276251018114E-005                  3.9472001234623906E+002                  3.2482214138346878E-002                  9.9998900514965661E-001                  8.5642488368540164E+000                  8.5642676903305244E+000                 -7.6344601532819292E+000                  2.5962891449320580E+000                  3.9249540012847826E+000                 -9.2958195789436371E-001                 -1.4865495300524534E+000 
                 4.5695954965473424E+000                  2.1667314049363322E-008                  3.2274829028457221E-002                  3.0338276251018114E-005                  3.9007553552125671E+002                  3.2142700924502061E-002                  9.9998900514965661E-001                  8.5304261554748368E+000                  8.5304476947064778E+000                 -7.6641949218983800E+000                  2.5911487125875903E+000                  3.9203150761227339E+000                 -9.2363105136687840E-001                 -1.4911360496717436E+000 
                 4.6150020699589076E+000                  2.0204715032406028E-008                  3.1942409182113475E-002                  3.0338276251018114E-005                  3.8530865731821893E+002                  3.1806758481424689E-002                  9.9998833855631941E-001                  8.4965318163445591E+000                  8.4965557392761450E+000                 -7.6945472704738114E+000                  2.5858087662620504E+000                  3.9156352919153172E+000                 -9.1774797335639446E-001                 -1.4956323313083804E+000 
                 4.6586490666283620E+000                  1.8809529691135772E-008                  3.1619882606079300E-002                  3.0338276251018114E-005                  3.8040286277767507E+002                  3.1487120686757297E-002                  9.9998833855631941E-001                  8.4625652023830149E+000                  8.4625912663319323E+000                 -7.7256220633065080E+000                  2.5802437757942958E+000                  3.9109171319520311E+000                 -9.1193387575883733E-001                 -1.5000397467892179E+000 
                 4.7007968024775675E+000                  1.7480273624797981E-008                  3.1306947124155347E-002                  3.0338276251018114E-005                  3.7535837978067650E+002                  3.1170827016650672E-002                  9.9998767196298222E-001                  8.4285759588232096E+000                  8.4286039317002324E+000                 -7.7574517734859523E+000                  2.5744461149808249E+000                  3.9061645517154795E+000                 -9.0619191437018887E-001                 -1.5043592802519992E+000 
                 4.7416594036356114E+000                  1.6216033683928844E-008                  3.1003532754766569E-002                  3.0338276251018114E-005                  3.7017747347686100E+002                  3.0864045226424913E-002                  9.9998698342751391E-001                  8.3946197205013675E+000                  8.3946541791666593E+000                 -7.7900553621980499E+000                  2.5684099861066660E+000                  3.9013822845825916E+000                 -9.0052835353486071E-001                 -1.5085888168597301E+000 
                 4.7814386963100457E+000                  1.5013789311991196E-008                  3.0709481756851405E-002                  3.0338276251018114E-005                  3.6485117954183477E+002                  3.0572577226012317E-002                  9.9998698342751391E-001                  8.3607091528880311E+000                  8.3607508262313672E+000                 -7.8235096828669715E+000                  2.5621157537627806E+000                  3.8965735997960311E+000                 -8.9494801200948448E-001                 -1.5127275125064201E+000 
                 4.8203207362374050E+000                  1.3874306631755766E-008                  3.0424480358100102E-002                  3.0338276251018114E-005                  3.5939386278342175E+002                  3.0284336193105676E-002                  9.9998629489204560E-001                  8.3268145122311079E+000                  8.3268625842213080E+000                 -7.8577887115225220E+000                  2.5555706556791331E+000                  3.8917383882132355E+000                 -8.8945025779481968E-001                 -1.5167768306669009E+000 
                 4.8584641048748995E+000                  1.2796317385669181E-008                  3.0148137704342385E-002                  3.0338276251018114E-005                  3.5381026174312632E+002                  3.0006667097198562E-002                  9.9998582855435636E-001                  8.2929258704708122E+000                  8.2929795690569748E+000                 -7.8929149966955148E+000                  2.5487704239106543E+000                  3.8868767662261532E+000                 -8.8403155425942070E-001                 -1.5207395097164396E+000 
                 4.8959984703413255E+000                  1.1779910643048479E-008                  2.9880116627201397E-002                  3.0338276251018114E-005                  3.4811583119118058E+002                  2.9737367111180812E-002                  9.9998536221666712E-001                  8.2590759002133698E+000                  8.2591344672233333E+000                 -7.9288580038934118E+000                  2.5417237731168361E+000                  3.8819898786109337E+000                 -8.7869047822936353E-001                 -1.5246177117277513E+000 
                 4.9330378395313899E+000                  1.0824104246725593E-008                  2.9620139521241397E-002                  3.0338276251018114E-005                  3.4232125118328815E+002                  2.9476002404839927E-002                  9.9998487287611015E-001                  8.2253003768850927E+000                  8.2295912137772262E+000                 -7.9656080337090600E+000                  2.5344338598644121E+000                  3.8770788719781599E+000                 -8.7343014163599975E-001                 -1.5284129001307272E+000 
                 4.9696882678384808E+000                  9.9285675344899146E-009                  2.9367874414748765E-002                  3.0338276251018114E-005                  3.3644556714125520E+002                  2.9218966377740140E-002                  9.9998389419499623E-001                  8.1915986555544684E+000                  8.2008631477923490E+000                 -8.0031134057586613E+000                  2.5269148096190803E+000                  3.8721425708269352E+000                 -8.6825207062181042E-001                 -1.5321274856648648E+000 
                 5.0060440693475980E+000                  9.0919050158260355E-009                  2.9122923946637985E-002                  3.0338276251018114E-005                  3.3050318852259085E+002                  2.8972928045784788E-002                  9.9998340485443926E-001                  8.1579733122599816E+000                  8.1720027145113594E+000                 -8.0413451100476045E+000                  2.5191756526785731E+000                  3.8671823811655317E+000                 -8.6315400984761359E-001                 -1.5357650239283223E+000 
                 5.0421799569698749E+000                  8.3128058540570329E-009                  2.8884966772270402E-002                  3.0338276251018114E-005                  3.2451172464835116E+002                  2.8733848462083853E-002                  9.9998289140038077E-001                  8.1244014760835519E+000                  8.1428689645230303E+000                 -8.0802523623462115E+000                  2.5112303914955385E+000                  3.8621984266250258E+000                 -8.5812984401258596E-001                 -1.5393281277115562E+000 
                 5.0781601813923301E+000                  7.5898794780032311E-009                  2.8653706533065038E-002                  3.0338276251018114E-005                  3.1849141835278505E+002                  2.8501631891580937E-002                  9.9998237794632217E-001                  8.0908508738562777E+000                  8.1134088568046216E+000                 -8.1197651203434802E+000                  2.5030977338414679E+000                  3.8571907367605909E+000                 -8.5317803978874174E-001                 -1.5428191914020495E+000 
                 5.1140352092439922E+000                  6.9217939865804682E-009                  2.8428835899247565E-002                  3.0338276251018114E-005                  3.1246728100134544E+002                  2.8276014585051228E-002                  9.9998186449226367E-001                  8.0572579296300866E+000                  8.0834323842508677E+000                 -8.1597813307602873E+000                  2.4948045472296041E+000                  3.8521550220572820E+000                 -8.4829906462816296E-001                 -1.5462409233867256E+000 
                 5.1498497435928545E+000                  6.3066967177713740E-009                  2.8209943492051474E-002                  3.0338276251018114E-005                  3.0646352875051116E+002                  2.8056637858834457E-002                  9.9998135103820518E-001                  8.0235819335222427E+000                  8.0527119140329244E+000                 -8.2001980532567647E+000                  2.4863787968063424E+000                  3.8470945916032058E+000                 -8.4349482568576117E-001                 -1.5495977837884412E+000 
                 5.1856314886894967E+000                  5.7425414742537238E-009                  2.7996616807939686E-002                  3.0338276251018114E-005                  3.0050567495610881E+002                  2.7846133593898290E-002                  9.9998135103820518E-001                  7.9897729962914514E+000                  8.0210588587681038E+000                 -8.2408958595244037E+000                  2.4778526767886873E+000                  3.8420077414636116E+000                 -8.3875824851254399E-001                 -1.5528944468869508E+000 
                 5.2213803367819018E+000                  5.2270510569001322E-009                  2.7788724766621798E-002                  3.0338276251018114E-005                  2.9461801308556232E+002                  2.7641206605489244E-002                  9.9998135103820518E-001                  7.9560258001938449E+000                  7.9884930289745641E+000                 -8.2817432577706818E+000                  2.4692592951219581E+000                  3.8369036525639522E+000                 -8.3409092766583015E-001                 -1.5561313826766310E+000 
                 5.2571194244263353E+000                  4.7561453254985377E-009                  2.7586249133353329E-002                  3.0338276251018114E-005                  2.8879978889252305E+002                  2.7441710336897771E-002                  9.9998135103820518E-001                  7.9225138468762966E+000                  7.9556536181849848E+000                 -8.3227448838477418E+000                  2.4605968702474597E+000                  3.8317773993791264E+000                 -8.2949092044774753E-001                 -1.5593073459661637E+000 
                 5.2928722701981430E+000                  4.3252481270267976E-009                  2.7389224857816388E-002                  3.0338276251018114E-005                  2.8303640891197580E+002                  2.7247531088589908E-002                  9.9998135103820518E-001                  7.8893987985847556E+000                  7.9232413215862580E+000                 -8.3639889732610051E+000                  2.4518423041790540E+000                  3.8266244629211088E+000                 -8.2495714086037120E-001                 -1.5624202585359841E+000 
                 5.3286621794041285E+000                  3.9302575075875347E-009                  2.7197702025898871E-002                  3.0338276251018114E-005                  2.7731193757646474E+002                  2.7061336229878254E-002                  9.9998186449226367E-001                  7.8568740580951673E+000                  7.8919858637402838E+000                 -8.4055789940366363E+000                  2.4429685640168128E+000                  3.8214497357314818E+000                 -8.2049017443449590E-001                 -1.5654677885993171E+000 
                 5.3645147332542358E+000                  3.5671983099575995E-009                  2.7011702796501877E-002                  3.0338276251018114E-005                  2.7160343085098083E+002                  2.6877443832596846E-002                  9.9998186449226367E-001                  7.8249296377297526E+000                  7.8625324686095466E+000                 -8.4476727464154173E+000                  2.4339352503059479E+000                  3.8162523450858168E+000                 -8.1608492104337071E-001                 -1.5684480373669787E+000 
                 5.4004460158764704E+000                  3.2342167959658698E-009                  2.6831023104508196E-002                  3.0338276251018114E-005                  2.6592127534395496E+002                  2.6701228648272641E-002                  9.9998237794632217E-001                  7.7934028260916985E+000                  7.8345850136101260E+000                 -8.4902308718334627E+000                  2.4247530836455309E+000                  3.8110332519589445E+000                 -8.1174184260026672E-001                 -1.5713627667551657E+000 
                 5.4364382272503784E+000                  2.9305197053602927E-009                  2.6655414242553646E-002                  3.0338276251018114E-005                  2.6029921777991035E+002                  2.6529849052363233E-002                  9.9998289140038066E-001                  7.7621389356653783E+000                  7.8074030974934212E+000                 -8.5330553539955609E+000                  2.4154728616607035E+000                  3.8057952388671326E+000                 -8.0746510775062341E-001                 -1.5742145638665614E+000 
                 5.4725032052770519E+000                  2.6538861850526415E-009                  2.6484563504208681E-002                  3.0338276251018114E-005                  2.5474377674821136E+002                  2.6360436783447520E-002                  9.9998289140038066E-001                  7.7309571227642957E+000                  7.7804412061121910E+000                 -8.5761177062882723E+000                  2.4061035818229617E+000                  3.8005376104041453E+000                 -8.0325416281451334E-001                 -1.5770071803374330E+000 
                 5.5086615703590374E+000                  2.4013032011652640E-009                  2.6318386226009623E-002                  3.0338276251018114E-005                  2.4923644133655856E+002                  2.6198206506918807E-002                  9.9998340485443904E-001                  7.6997116528507110E+000                  7.7539129183343274E+000                 -8.6195530001764507E+000                  2.3966115401988146E+000                  3.7952608450901142E+000                 -7.9910677350691217E-001                 -1.5797407440332283E+000 
                 5.5448876612464346E+000                  2.1690145845883405E-009                  2.6157364538899587E-002                  3.0338276251018114E-005                  2.4372385868545118E+002                  2.6035610713715823E-002                  9.9998289140038055E-001                  7.6684579090696197E+000                  7.7288086790905606E+000                 -8.6637375277530069E+000                  2.3868980438295138E+000                  3.7899753188500926E+000                 -7.9502779644820432E-001                 -1.5824060150829040E+000 
                 5.5811760915631554E+000                  1.9565252030039149E-009                  2.6001114724621958E-002                  3.0338276251018114E-005                  2.3823457872608023E+002                  2.5880381702240600E-002                  9.9998289140038055E-001                  7.6372994255437918E+000                  7.7034381512455639E+000                 -8.7085145533574586E+000                  2.3770047961251088E+000                  3.7846904644297221E+000                 -7.9102194438430795E-001                 -1.5850080324763205E+000 
                 5.6176652480158804E+000                  1.7698992374981558E-009                  2.5846308994443321E-002                  3.0338276251018114E-005                  2.3303292657354015E+002                  2.5725547634710244E-002                  9.9998237794632205E-001                  7.6061447546120480E+000                  7.6696814161243019E+000                 -8.7520514578439457E+000                  2.3674172877447028E+000                  3.7793767690329445E+000                 -7.8706592553193144E-001                 -1.5876014679587518E+000 
                 5.6543619128161042E+000                  1.6136315343444638E-009                  2.5690255004822200E-002                  3.0338276251018114E-005                  2.2840010822171951E+002                  2.5576662935051390E-002                  9.9998289140038055E-001                  7.5748306118282169E+000                  7.6220909127142367E+000                 -8.7921956275258477E+000                  2.3586963037691424E+000                  3.7739924677665182E+000                 -7.8312973907877825E-001                 -1.5902315848485820E+000 
                 5.6908169609647867E+000                  1.4826751704532913E-009                  2.5536007897642519E-002                  3.0338276251018114E-005                  2.2429232943898049E+002                  2.5432482398198914E-002                  9.9998389419499600E-001                  7.5434471369843070E+000                  7.5701875299011787E+000                 -8.8289539852708749E+000                  2.3508144199151073E+000                  3.7685562159767150E+000                 -7.7922673567011036E-001                 -1.5928469960130254E+000 
                 5.7269441928392695E+000                  1.3671457933881262E-009                  2.5385818844767840E-002                  3.0338276251018114E-005                  2.2043854663587720E+002                  2.5291351983444885E-002                  9.9998487287610993E-001                  7.5118945854629011E+000                  7.5233169815156149E+000                 -8.8641851694938136E+000                  2.3432875375699282E+000                  3.7630586549329261E+000                 -7.7534841213252503E-001                 -1.5954088234341361E+000 
                 5.7628256936446620E+000                  1.2648665985657453E-009                  2.5239418881320287E-002                  3.0338276251018114E-005                  2.1682079129547017E+002                  2.5154933077826305E-002                  9.9998629489204538E-001                  7.4800399492649179E+000                  7.4835786819040182E+000                 -8.8979552757227900E+000                  2.3361009236042842E+000                  3.7574745964791036E+000                 -7.7147657495105926E-001                 -1.5979206486173365E+000 
                 5.7985440140274340E+000                  1.1886194275464151E-009                  2.5094681811502855E-002                  3.0338276251018114E-005                  2.1409142805459669E+002                  2.5047746389834431E-002                  9.9999327420035677E-001                  7.4474139911543196E+000                  7.4550977422522617E+000                 -8.9249571756365729E+000                  2.3305992776132642E+000                  3.7517129073998601E+000                 -7.6755257980188385E-001                 -1.6004183065921886E+000 
                 5.8339698772729731E+000                  1.1134914526428583E-009                  2.4950650984179330E-002                  3.0338276251018114E-005                  2.1123223827490793E+002                  2.4903798560487401E-002                  9.9999308196707248E-001                  7.4140441678303626E+000                  7.4271036713779610E+000                 -8.9533131123383285E+000                  2.3247601995277849E+000                  3.7457800441505640E+000                 -7.6358726700251389E-001                 -1.6029181187721075E+000 
                 5.8686370540332735E+000                  1.0395170272236584E-009                  2.4809832875793587E-002                  3.0338276251018114E-005                  2.0822141915964619E+002                  2.4761946928128369E-002                  9.9999269750050390E-001                  7.3804742150689968E+000                  7.3998442484153877E+000                 -8.9831683925578947E+000                  2.3185254006948925E+000                  3.7397789482512760E+000                 -7.5965016616341718E-001                 -1.6053761612161059E+000 
                 5.9025018615570852E+000                  9.6650222727283280E-010                  2.4673168003464752E-002                  3.0338276251018114E-005                  2.0503012502224985E+002                  2.4622154486454995E-002                  9.9999190952929096E-001                  7.3469800660257034E+000                  7.3735372061278426E+000                 -9.0147971408168175E+000                  2.3118176750569099E+000                  3.7337556292310872E+000                 -7.5576878718332452E-001                 -1.6077750840696015E+000 
                 5.9356806913959570E+000                  8.9499054247447477E-010                  2.4540844294718381E-002                  3.0338276251018114E-005                  2.0166906336052006E+002                  2.4488672675532955E-002                  9.9999150602464659E-001                  7.3137036730034115E+000                  7.3482053919294517E+000                 -9.0481815539274937E+000                  2.3046392797618691E+000                  3.7277264476812428E+000                 -7.5195456874794120E-001                 -1.6101105000348586E+000 
                 5.9683284066352575E+000                  8.2551556325199992E-010                  2.4412707997427209E-002                  3.0338276251018114E-005                  1.9815396087247271E+002                  2.4357485030175971E-002                  9.9999069901535786E-001                  7.2806545904414870E+000                  7.3233087580399401E+000                 -9.0832747346716278E+000                  2.2970027562978022E+000                  3.7216967159044270E+000                 -7.4821153594969514E-001                 -1.6123840434787919E+000 
                 6.0005891423842641E+000                  7.5897129464290602E-010                  2.4288428567041428E-002                  3.0338276251018114E-005                  1.9452975899100997E+002                  2.4230186451041261E-002                  9.9998985208250712E-001                  7.2478041119926360E+000                  7.2981154193294726E+000                 -9.1197746494193215E+000                  2.2889860471873087E+000                  3.7156685756576509E+000                 -7.4453690443900933E-001                 -1.6146005826316518E+000 
                 6.0325757596400731E+000                  6.9587893119378269E-010                  2.4167763526653962E-002                  3.0338276251018114E-005                  1.9082910362796380E+002                  2.4106754640526959E-002                  9.9998900514965638E-001                  7.2151863994430441E+000                  7.2722546194471196E+000                 -9.1574663122401407E+000                  2.2806446087351668E+000                  3.7096450625650008E+000                 -7.4092780335290787E-001                 -1.6167635371377773E+000 
                 6.0643772825773290E+000                  6.3635480164779109E-010                  2.4050634647038157E-002                  3.0338276251018114E-005                  1.8706432909790544E+002                  2.3987798142375720E-002                  9.9998833855631919E-001                  7.1828398142962069E+000                  7.2459590396476390E+000                 -9.1963006745503559E+000                  2.2719909790868131E+000                  3.7036285386999137E+000                 -7.3738541476527009E-001                 -1.6188734589961775E+000 
                 6.0960682733434322E+000                  5.8030135651942738E-010                  2.3937100739374689E-002                  3.0338276251018114E-005                  1.8323441355725254E+002                  2.3872541346674239E-002                  9.9998767196298199E-001                  7.1507709581072163E+000                  7.2196275739421303E+000                 -9.2363464142222806E+000                  2.2630070409075009E+000                  3.6976227600529632E+000                 -7.3391225371479607E-001                 -1.6209284524735159E+000 
                 6.1277236571282936E+000                  5.2758976730477719E-010                  2.3827104350578297E-002                  3.0338276251018114E-005                  1.7933616461061263E+002                  2.3760837172656039E-002                  9.9998698342751369E-001                  7.1189707106682860E+000                  7.1932574498660768E+000                 -9.2777036362609362E+000                  2.2536678757548807E+000                  3.6916299486668112E+000                 -7.3050558688507161E-001                 -1.6229287331876034E+000 
                 6.1594178872518812E+000                  4.7837182012100113E-010                  2.3720496231876213E-002                  3.0338276251018114E-005                  1.7539165734968836E+002                  2.3651017423270849E-002                  9.9998582855435614E-001                  7.0874761074088424E+000                  7.1665855506192360E+000                 -9.3202344116417422E+000                  2.2440089302102515E+000                  3.6856546253762166E+000                 -7.2716333991225202E-001                 -1.6248762297887476E+000 
                 6.1912394428835436E+000                  4.3285545645661709E-010                  2.3617021195029519E-002                  3.0338276251018114E-005                  1.7143622081919483E+002                  2.3546919458762416E-002                  9.9998536221666690E-001                  7.0562906084573171E+000                  7.1393335582184152E+000                 -9.3636571035156102E+000                  2.2341025826719032E+000                  3.6796930238151995E+000                 -7.2388229849501551E-001                 -1.6267748806489850E+000 
                 6.2232809514712519E+000                  3.9093152317642087E-010                  2.3516370641952042E-002                  3.0338276251018114E-005                  1.6748250376247171E+002                  2.3444136742084280E-002                  9.9998438353555297E-001                  7.0253506816953202E+000                  7.1110630197852736E+000                 -9.4078993083613334E+000                  2.2239694428888113E+000                  3.6737342281118908E+000                 -7.2065685393411028E-001                 -1.6286297035056629E+000 
                 6.2556167601999126E+000                  3.5252474036248560E-010                  2.3418289506872039E-002                  3.0338276251018114E-005                  1.6354950541259058E+002                  2.3344227353097474E-002                  9.9998340485443904E-001                  6.9945793162469343E+000                  7.0814387390345956E+000                 -9.4528103985991976E+000                  2.2136492332607682E+000                  3.6677687680244775E+000                 -7.1748045687665163E-001                 -1.6304448293685081E+000 
                 6.2883059640542385E+000                  3.1751828668695526E-010                  2.3322557894702698E-002                  3.0338276251018114E-005                  1.5965536457259518E+002                  2.3248330811627745E-002                  9.9998289140038055E-001                  6.9639484443924786E+000                  7.0503805642476038E+000                 -9.4982312575262160E+000                  2.2031835139351745E+000                  3.6617901975073752E+000                 -7.1434689199998225E-001                 -1.6322238201808301E+000 
                 6.3213755250744335E+000                  2.8573144498317104E-010                  2.3229062137243274E-002                  3.0338276251018114E-005                  1.5581278551676013E+002                  2.3154854968802895E-002                  9.9998237794632205E-001                  6.9334692685776398E+000                  6.9827688247925943E+000                 -9.5440419625182038E+000                  2.1926030897401736E+000                  3.6557952915042460E+000                 -7.1125309244830670E-001                 -1.6339683242868228E+000 
                 6.3548024632964415E+000                  2.5689928510629445E-010                  2.3137890642769630E-002                  3.0338276251018114E-005                  1.5202263716426395E+002                  2.3063837205127172E-002                  9.9998186449226356E-001                  6.9031381349402352E+000                  6.9179083529174097E+000                 -9.5902371042771470E+000                  2.1819082600946538E+000                  3.6497861586986682E+000                 -7.0820179348365631E-001                 -1.6356762358752541E+000 
                 6.3884891139275783E+000                  2.3077224280364599E-010                  2.3049374355662514E-002                  3.0338276251018114E-005                  1.4828449488731820E+002                  2.2975522240469223E-002                  9.9998135103820507E-001                  6.8730220443301198E+000                  6.8734380078614716E+000                 -9.6368164291478209E+000                  2.1710957401670026E+000                  3.6437805282865998E+000                 -7.0520196487796372E-001                 -1.6373408584552884E+000 
                 6.4223156585404295E+000                  2.0725944556430298E-010                  2.2963603572807113E-002                  3.0338276251018114E-005                  1.4462320535605440E+002                  2.2890006342598218E-002                  9.9998081230789682E-001                  6.8432559014417924E+000                  6.8436637638895892E+000                 -9.6834856679527004E+000                  2.1602379807823180E+000                  3.6378027390038281E+000                 -7.0226159272792854E-001                 -1.6389599590883590E+000 
                 6.4562374560505393E+000                  1.8633112027935646E-010                  2.2880199552551821E-002                  3.0338276251018114E-005                  1.4108175876521713E+002                  2.2808507894976630E-002                  9.9998081230789682E-001                  6.8138682818386194E+000                  6.8142636353916215E+000                 -9.7297146049164471E+000                  2.1494708630513459E+000                  3.6318577273040678E+000                 -6.9937973807831955E-001                 -1.6405401921082887E+000 
                 6.4904568433864176E+000                  1.6943365121007332E-010                  2.2797886944652804E-002                  3.0338276251018114E-005                  1.3801682733990918E+002                  2.2744638263036101E-002                  9.9998698342751369E-001                  6.7844067714065162E+000                  6.7847802381215931E+000                 -9.7710003302305051E+000                  2.1399320378439985E+000                  3.6258575768689383E+000                 -6.9651580592521078E-001                 -1.6421054043506236E+000 
                 6.5249004694493991E+000                  1.5548924106307859E-010                  2.2716046258054123E-002                  3.0338276251018114E-005                  1.3532814660420649E+002                  2.2673149059551142E-002                  9.9998985208250712E-001                  6.7546262079052948E+000                  6.7549697926048289E+000                 -9.8082996562100604E+000                  2.1313881319776224E+000                  3.6197449692783756E+000                 -6.9364425477864389E-001                 -1.6436672556076488E+000 
                 6.5593019506434951E+000                  1.4371915521288512E-010                  2.2634827955218297E-002                  3.0338276251018114E-005                  1.3292892272565908E+002                  2.2597415586216748E-002                  9.9999110252000223E-001                  6.7245041483152077E+000                  6.7256563330286454E+000                 -9.8424853442607407E+000                  2.1236194832509772E+000                  3.6135165756319187E+000                 -6.9076146498103175E-001                 -1.6452228021796984E+000 
                 6.5935099033193785E+000                  1.3303642585049331E-010                  2.2554348767919501E-002                  3.0338276251018114E-005                  1.3061916897149314E+002                  2.2518420099145987E-002                  9.9999110252000234E-001                  6.6938319593247702E+000                  6.7184046799570236E+000                 -9.8760294313641470E+000                  2.1160069144662863E+000                  3.6071782093288238E+000                 -6.8786966461349308E-001                 -1.6467697081620194E+000 
                 6.6274867427600173E+000                  1.2327798383079745E-010                  2.2474766400364658E-002                  3.0338276251018114E-005                  1.2838172524582740E+002                  2.2440279704805211E-002                  9.9999110252000234E-001                  6.6626334658439568E+000                  6.7136566940917008E+000                 -9.9091144769690604E+000                  2.1085032057682858E+000                  3.6007264561152121E+000                 -6.8497171796535150E-001                 -1.6483048135684748E+000 
                 6.6613567138582983E+000                  1.1402601322857804E-010                  2.2396016305601112E-002                  3.0338276251018114E-005                  1.2612321056872813E+002                  2.2362926746470488E-002                  9.9999110252000234E-001                  6.6315176391045805E+000                  6.7068343744412680E+000                 -9.9429960599541545E+000                  2.1007950157304358E+000                  3.5941493145191989E+000                 -6.8206550983007308E-001                 -1.6498292249853226E+000 
                 6.6948362033650284E+000                  1.0551064933948244E-010                  2.2318813429093021E-002                  3.0338276251018114E-005                  1.2391330570635142E+002                  2.2288150067586138E-002                  9.9999150602464670E-001                  6.6008772665032733E+000                  6.6998993328494425E+000                 -9.9767037041960140E+000                  2.0931179412850294E+000                  3.5875024707717782E+000                 -6.7917376244625594E-001                 -1.6513288982154386E+000 
                 6.7278797546162945E+000                  9.7759587200100646E-011                  2.2243261549632107E-002                  3.0338276251018114E-005                  1.2177833318449069E+002                  2.2214839097243019E-002                  9.9999190952929107E-001                  6.5698276424579545E+000                  6.6940884880057414E+000                 -1.0009840640950712E+001                  2.0855700237019432E+000                  3.5807939090760463E+000                 -6.7629776138818776E-001                 -1.6528015314266149E+000 
                 6.7604972911613492E+000                  9.0635385363519230E-011                  2.2169332564835685E-002                  3.0338276251018114E-005                  1.1969542667197025E+002                  2.2141895812900041E-002                  9.9999190952929107E-001                  6.5381690393482499E+000                  6.6870438178534704E+000                 -1.0042702214377863E+001                  2.0780775554623392E+000                  3.5740356236940696E+000                 -6.7344309152856741E-001                 -1.6542473816609828E+000 
                 6.7927059058470132E+000                  8.4097781273917672E-011                  2.2096936311918652E-002                  3.0338276251018114E-005                  1.1766831175755652E+002                  2.2070392975836798E-002                  9.9999190952929107E-001                  6.5066768870382852E+000                  6.6811572286327463E+000                 -1.0075215461909639E+001                  2.0706595207720051E+000                  3.5672241959405095E+000                 -6.7060993204288621E-001                 -1.6556679360462037E+000 
                 6.8245002604556850E+000                  7.7948458077475935E-011                  2.2026201243154766E-002                  3.0338276251018114E-005                  1.1564091002714191E+002                  2.1999479250472444E-002                  9.9999150602464670E-001                  6.4753404873646740E+000                  6.6613392397777380E+000                 -1.0108192471303450E+001                  2.0631114989742421E+000                  3.5603743641755048E+000                 -6.6780197809553987E-001                 -1.6570603971475837E+000 
                 6.8559461858115540E+000                  7.2174113690009869E-011                  2.1956896677252747E-002                  3.0338276251018114E-005                  1.1361595037989333E+002                  2.1930977040940904E-002                  9.9999150602464670E-001                  6.4437744516434909E+000                  6.6313392997621108E+000                 -1.0141618540622183E+001                  2.0554393039609784E+000                  3.5534700548861067E+000                 -6.6501129615065080E-001                 -1.6584290417804213E+000 
                 6.8870087049900981E+000                  6.7027306063577576E-011                  2.1889302618048660E-002                  3.0338276251018114E-005                  1.1170597366919239E+002                  2.1863152009183030E-002                  9.9999110252000234E-001                  6.4123601188827219E+000                  6.6015042824030044E+000                 -1.0173748235256936E+001                  2.0480763967176023E+000                  3.5465298361391913E+000                 -6.6224898427239665E-001                 -1.6597680746110459E+000 
                 6.9177858691675738E+000                  6.1915131085816710E-011                  2.1823249016831841E-002                  3.0338276251018114E-005                  1.0967784658781802E+002                  2.1796937586301818E-002                  9.9999069901535798E-001                  6.3810198094490866E+000                  6.5718467789648365E+000                 -1.0208203203257055E+001                  2.0401189132812982E+000                  3.5395526930012733E+000                 -6.5951306390779085E-001                 -1.6610805917384968E+000 
                 6.9482523162475189E+000                  5.7131795250784007E-011                  2.1758960763380138E-002                  3.0338276251018114E-005                  1.0765391125604670E+002                  2.1732473952583223E-002                  9.9999027554893261E-001                  6.3496212265105658E+000                  6.5423819044295497E+000                 -1.0243122128901829E+001                  2.0320298114783042E+000                  3.5325572055790655E+000                 -6.5680765039155375E-001                 -1.6623618509548961E+000 
                 6.9785138033753187E+000                  5.2554654431379608E-011                  2.1696303445762045E-002                  3.0338276251018114E-005                  1.0558186835401061E+002                  2.1669694986795295E-002                  9.9998985208250724E-001                  6.3183966060788217E+000                  6.5131828179633287E+000                 -1.0279388815233247E+001                  2.0235893412693353E+000                  3.5255447768278532E+000                 -6.5413717591306719E-001                 -1.6636142537026677E+000 
                 7.0086119021037518E+000                  4.8394947776251361E-011                  2.1635229954292765E-002                  3.0338276251018114E-005                  1.0357350384476929E+002                  2.1608510214300124E-002                  9.9998942861608187E-001                  6.2873356135117753E+000                  6.4839732864933195E+000                 -1.0315199974459336E+001                  2.0152486668397236E+000                  3.5185130883584930E+000                 -6.5150152228713976E-001                 -1.6648384844564885E+000 
                 7.0386470797426997E+000                  4.4608424966424180E-011                  2.1575582464189724E-002                  3.0338276251018114E-005                  1.0162542568176602E+002                  2.1548760300163266E-002                  9.9998900514965650E-001                  6.2680293174227026E+000                  6.4549747677016800E+000                 -1.0350583110550502E+001                  2.0070023761107314E+000                  3.5114194800903382E+000                 -6.4887435537324900E-001                 -1.6660374710440877E+000 
                 7.0686901794586845E+000                  4.1066795232285291E-011                  2.1517201517314802E-002                  3.0338276251018114E-005                  9.9680275453688296E+001                  2.1489872655182332E-002                  9.9998833855631930E-001                  6.2590177336063109E+000                  6.4259445536832418E+000                 -1.0386509187266629E+001                  1.9986092277967376E+000                  3.5042423799572182E+000                 -6.4625104080999396E-001                 -1.6672142127741625E+000 
                 7.0986948558159764E+000                  3.7545653907448268E-011                  2.1460579923313603E-002                  3.0338276251018114E-005                  9.7599728867018385E+001                  2.1433424556195103E-002                  9.9998800525965070E-001                  6.2502997530926425E+000                  6.3973497409162414E+000                 -1.0425440327454794E+001                  1.9894486095585513E+000                  3.4970412755417830E+000                 -6.4366283437212313E-001                 -1.6683585463918731E+000 
                 7.1287632521013160E+000                  3.4474130432629656E-011                  2.1405786050909828E-002                  3.0338276251018114E-005                  9.5661494126193929E+001                  2.1378768727673546E-002                  9.9998767196298211E-001                  6.2416785992829720E+000                  6.3692365471530819E+000                 -1.0462506679555981E+001                  1.9807371581502007E+000                  3.4897786983201096E+000                 -6.4109375001501134E-001                 -1.6694688196257650E+000 
                 7.1592855941448938E+000                  3.1592521769755077E-011                  2.1352326695298778E-002                  3.0338276251018114E-005                  9.3713658006567144E+001                  2.1324912362541713E-002                  9.9998698342751380E-001                  6.2331175229362952E+000                  6.3415842854046760E+000                 -1.0500415706574175E+001                  1.9718028887670387E+000                  3.4823468172689918E+000                 -6.3850574310358477E-001                 -1.6705547943685393E+000 
                 7.1902027142708125E+000                  2.8939862178828455E-011                  2.1299383466219877E-002                  3.0338276251018114E-005                  9.1795209690955190E+001                  2.1272668233757692E-002                  9.9998698342751380E-001                  6.2247606417756911E+000                  6.3134629538496325E+000                 -1.0538503541465660E+001                  1.9628200166122154E+000                  3.4747990280797798E+000                 -6.3592058506393423E-001                 -1.6716329675046349E+000 
                 7.2212389812793578E+000                  2.6377372171314590E-011                  2.1247424412097850E-002                  3.0338276251018114E-005                  8.9801616663658848E+001                  2.1220414132693776E-002                  9.9998629489204549E-001                  6.2166389528709187E+000                  6.2851885701546220E+000                 -1.0578768472942185E+001                  1.9532841535365739E+000                  3.4672299038395504E+000                 -6.3337176692101194E-001                 -1.6726937070916135E+000 
                 7.2521579539125050E+000                  2.4130724896742637E-011                  2.1197031767718224E-002                  3.0338276251018114E-005                  8.7929476319046955E+001                  2.1170708548696467E-002                  9.9998629489204549E-001                  6.2087920435073753E+000                  6.2568924259864858E+000                 -1.0617429631513236E+001                  1.9441344850051510E+000                  3.4597104963730714E+000                 -6.3088022101843599E-001                 -1.6737249493142934E+000 
                 7.2831617593789595E+000                  2.1960451117814249E-011                  2.1147728365866057E-002                  3.0338276251018114E-005                  8.5982065250773573E+001                  2.1122107361975145E-002                  9.9998629489204549E-001                  6.2012149192142498E+000                  6.2285287186560669E+000                 -1.0658358742729909E+001                  1.9344078708290651E+000                  3.4521991099493414E+000                 -6.2843197196873724E-001                 -1.6747362765704583E+000 
                 7.3141662635717708E+000                  2.0057699889877167E-011                  2.1099642094295174E-002                  3.0338276251018114E-005                  8.4151557381569631E+001                  2.1074049512524114E-002                  9.9998582855435625E-001                  6.1939404675308118E+000                  6.2000788214437339E+000                 -1.0697718871036818E+001                  1.9250621561782375E+000                  3.4446989330819617E+000                 -6.2602824334875129E-001                 -1.6757249114222572E+000 
                 7.3452578950153473E+000                  1.8195125202430402E-011                  2.1052577936660450E-002                  3.0338276251018114E-005                  8.2217741009215771E+001                  2.1027686415817714E-002                  9.9998582855435625E-001                  6.1706860756392716E+000                  6.1734141834395704E+000                 -1.0740044951644792E+001                  1.9149655384212969E+000                  3.4371996128463387E+000                 -6.2367579140016571E-001                 -1.6766947162123635E+000 
                 7.3761844112502120E+000                  1.6582419906756292E-011                  2.1007067837326820E-002                  3.0338276251018114E-005                  8.0419001776944697E+001                  2.0982248363949695E-002                  9.9998536221666701E-001                  6.1402147542107883E+000                  6.1432239390207632E+000                 -1.0780352091670942E+001                  1.9053586763625481E+000                  3.4298239649575102E+000                 -6.2140617877397120E-001                 -1.6776345621079398E+000 
                 7.4072156260166144E+000                  1.5069911686525351E-011                  2.0962337380883628E-002                  3.0338276251018114E-005                  7.8602660028770330E+001                  2.0938198176768376E-002                  9.9998536221666701E-001                  6.1101672102729960E+000                  6.1143205152166313E+000                 -1.0821889292752859E+001                  1.8954372417834147E+000                  3.4225000275875423E+000                 -6.1918646833255786E-001                 -1.6785602934906321E+000 
                 7.4380365324739559E+000                  1.3686867348411118E-011                  2.0918664162338067E-002                  3.0338276251018114E-005                  7.6813660322752654E+001                  2.0895196167854638E-002                  9.9998536221666701E-001                  6.0808201738422998E+000                  6.0851420374642329E+000                 -1.0863695941857376E+001                  1.8854384589513633E+000                  3.4153096800174891E+000                 -6.1703905741504506E-001                 -1.6794660523787881E+000 
                 7.4687329864969003E+000                  1.2366376533419202E-011                  2.0877169422009310E-002                  3.0338276251018114E-005                  7.4964254933749075E+001                  2.0853475762639642E-002                  9.9998487287611004E-001                  6.0519357453714635E+000                  6.0565132530208432E+000                 -1.0907757534167674E+001                  1.8748542268807347E+000                  3.4082172939299316E+000                 -6.1495360146807077E-001                 -1.6803283843926797E+000 
                 7.4989063941928977E+000                  1.1177981036168697E-011                  2.0838808117029144E-002                  3.0338276251018114E-005                  7.3161706070018994E+001                  2.0814503980007261E-002                  9.9998438353555308E-001                  6.0241819633844260E+000                  6.0290495449549395E+000                 -1.0951636631515091E+001                  1.8642838224915701E+000                  3.4013633501727005E+000                 -6.1296834437748537E-001                 -1.6811271242880599E+000 
                 7.5289948098150372E+000                  1.0075640724939986E-011                  2.0802196856912154E-002                  3.0338276251018114E-005                  7.1349837395942600E+001                  2.0776754227566783E-002                  9.9998340485443915E-001                  5.9971910563010660E+000                  6.0023471793478835E+000                 -1.0996727326878357E+001                  1.8533929855528957E+000                  3.3946583314782939E+000                 -6.1105394146848835E-001                 -1.6818907980923437E+000 
                 7.5593832066513889E+000                  9.0747204403649180E-012                  2.0766995837166145E-002                  3.0338276251018114E-005                  6.9566618878775998E+001                  2.0739880912630369E-002                  9.9998186449226367E-001                  5.9706852179145624E+000                  5.9762430213137145E+000                 -1.1042166745143307E+001                  1.8424008940173171E+000                  3.3880525017727661E+000                 -6.0919081192735147E-001                 -1.6826263241536608E+000 
                 7.5905006388377618E+000                  8.1571966234651039E-012                  2.0732615671355970E-002                  3.0338276251018114E-005                  6.7793429530967202E+001                  2.0704381768180988E-002                  9.9998081230789693E-001                  5.9442439728549807E+000                  5.9501956599528363E+000                 -1.1088459069204822E+001                  1.8311876023872211E+000                  3.3814477967014991E+000                 -6.0735100440767664E-001                 -1.6833459029242266E+000 
                 7.6223995353551519E+000                  7.3203310654972958E-012                  2.0699077623058205E-002                  3.0338276251018114E-005                  6.6036888868476979E+001                  2.0669742993405949E-002                  9.9997973484728042E-001                  5.9179313652415537E+000                  5.9243535258702309E+000                 -1.1135469277320389E+001                  1.8197866023064329E+000                  3.3748497177167249E+000                 -6.0553823960566244E-001                 -1.6840490068204332E+000 
                 7.6551389935914873E+000                  6.5609749538075528E-012                  2.0666309406689686E-002                  3.0338276251018114E-005                  6.4304305503012714E+001                  2.0635397693039282E-002                  9.9997806566953029E-001                  5.8917890636443531E+000                  5.8987140898422474E+000                 -1.1183031620136912E+001                  1.8082400496103144E+000                  3.3682616649664778E+000                 -6.0374915906130489E-001                 -1.6847370728364583E+000 
                 7.6886389896508849E+000                  5.8783649696267636E-012                  2.0634544862970870E-002                  3.0338276251018114E-005                  6.2610346942466371E+001                  2.0602599972041061E-002                  9.9997693522208853E-001                  5.8659292942630508E+000                  5.8734273503597043E+000                 -1.1230743453415780E+001                  1.7966461078387106E+000                  3.3617194672749404E+000                 -6.0199382362982845E-001                 -1.6854051059326849E+000 
                 7.7231650341056444E+000                  5.2619867096515454E-012                  2.0603427840260050E-002                  3.0338276251018114E-005                  6.0946268013774926E+001                  2.0569509096712700E-002                  9.9997456325758982E-001                  5.8400506307791993E+000                  5.8482491098317295E+000                 -1.1278850253158769E+001                  1.7849471144543663E+000                  3.3551488257734263E+000                 -6.0025649724220120E-001                 -1.6860605190354907E+000 
                 7.7587566102584091E+000                  4.6834087953257521E-012                  2.0573015564452662E-002                  3.0338276251018114E-005                  5.9240806249769030E+001                  2.0538584797385569E-002                  9.9997394116571259E-001                  5.8142382377863138E+000                  5.8231924497162888E+000                 -1.1329437932799658E+001                  1.7726209577008141E+000                  3.3485724478682548E+000                 -5.9854061568741868E-001                 -1.6867020453488304E+000 
                 7.7952950108442787E+000                  4.2109464388024733E-012                  2.0543370666084589E-002                  3.0338276251018114E-005                  5.7728264240789784E+001                  2.0507070607728731E-002                  9.9997142230212610E-001                  5.7884651858788505E+000                  5.7983324444696809E+000                 -1.1375620282559897E+001                  1.7613884964663642E+000                  3.3419963787571620E+000                 -5.9684578088547324E-001                 -1.6873282977600499E+000 
                 7.8330671909521064E+000                  3.7675676432789032E-012                  2.0514442322296177E-002                  3.0338276251018114E-005                  5.6184281117616628E+001                  2.0477241185004182E-002                  9.9997011712621531E-001                  5.7626922172298247E+000                  5.7736947047223248E+000                 -1.1423938941577617E+001                  1.7496148251695105E+000                  3.3354038077841142E+000                 -5.9516910665032297E-001                 -1.6879402846752030E+000 
                 7.8719899836960368E+000                  3.3718925496364924E-012                  2.0486204226328429E-002                  3.0338276251018114E-005                  5.4684859969751010E+001                  2.0448133572273295E-002                  9.9996877999417144E-001                  5.7370294624819191E+000                  5.7492488040798442E+000                 -1.1472126273265404E+001                  1.7378671009746116E+000                  3.3288132830799406E+000                 -5.9351546880327655E-001                 -1.6885385021292985E+000 
                 7.9122178854253766E+000                  3.0186245178452408E-012                  2.0458645414199558E-002                  3.0338276251018114E-005                  5.3228381138176154E+001                  2.0419308616722101E-002                  9.9996672636190531E-001                  5.7115048904617511E+000                  5.7249908891335428E+000                 -1.1520190904853500E+001                  1.7261432543682098E+000                  3.3222366640598056E+000                 -5.9188816342612205E-001                 -1.6891231247105423E+000 
                 7.9538561413265416E+000                  2.7041049482998609E-012                  2.0431736564150860E-002                  3.0338276251018114E-005                  5.1818241118661717E+001                  2.0391165297352781E-002                  9.9996457227814695E-001                  5.6861867088705198E+000                  5.7009507747201384E+000                 -1.1567976457115373E+001                  1.7144826637497710E+000                  3.3156955746925947E+000                 -5.9029090477116852E-001                 -1.6896947196046015E+000 
                 7.9970482704727903E+000                  2.4244323759574973E-012                  2.0405449388341504E-002                  3.0338276251018114E-005                  5.0455540068176873E+001                  2.0363694807310012E-002                  9.9996234802996664E-001                  5.6611360557671979E+000                  5.6771167966441141E+000                 -1.1615389925039109E+001                  1.7029088551348062E+000                  3.3092081304733640E+000                 -5.8872514300808276E-001                 -1.6902538363365394E+000 
                 8.0419690475681467E+000                  2.2120512556486879E-012                  2.0379293224459791E-002                  3.0338276251018114E-005                  4.9343921346518449E+001                  2.0336458069408835E-002                  9.9996005194516147E-001                  5.6362318084512451E+000                  5.6530586478499609E+000                 -1.1655204814172269E+001                  1.6932336556144716E+000                  3.3027432079284318E+000                 -5.8718250108101178E-001                 -1.6908108818624505E+000 
                 8.0892066541842187E+000                  2.0630417039180846E-012                  2.0351913974647161E-002                  3.0338276251018114E-005                  4.8523687286303343E+001                  2.0309320293715346E-002                  9.9996005194516147E-001                  5.6105282079488719E+000                  5.6274869670855363E+000                 -1.1685491992774093E+001                  1.6859537909047380E+000                  3.2960648130299064E+000                 -5.8560522925545722E-001                 -1.6913947417438950E+000 
                 8.1380522021025232E+000                  1.9339106680456666E-012                  2.0323511769456869E-002                  3.0338276251018114E-005                  4.7779230204868725E+001                  2.0280772414585774E-002                  9.9995926208061692E-001                  5.5837606443901482E+000                  5.6004978336435496E+000                 -1.1713563590889448E+001                  1.6792391438377259E+000                  3.2890949465494757E+000                 -5.8397710262899083E-001                 -1.6920012466675487E+000 
                 8.1870480785050894E+000                  1.8132649858870133E-012                  2.0294953423157406E-002                  3.0338276251018114E-005                  4.7049034132400330E+001                  2.0251325565969265E-002                  9.9995685398328360E-001                  5.5564112366007761E+000                  5.5728304373064832E+000                 -1.1741538724586666E+001                  1.6725507076045329E+000                  3.2819462911186639E+000                 -5.8233162282854212E-001                 -1.6926119410497720E+000 
                 8.2354057526303386E+000                  1.7010259526478188E-012                  2.0266710079176142E-002                  3.0338276251018114E-005                  4.6335678894358090E+001                  2.0221857451911098E-002                  9.9995348001010909E-001                  5.5290752513325687E+000                  5.5448658841095453E+000                 -1.1769289060281753E+001                  1.6659155257364167E+000                  3.2747913846046490E+000                 -5.8071042057144295E-001                 -1.6932167451610827E+000 
                 8.2829448996879567E+000                  1.5895456745416583E-012                  2.0239066405525835E-002                  3.0338276251018114E-005                  4.5588199324529320E+001                  2.0193455231304322E-002                  9.9995085182447596E-001                  5.5023097835154831E+000                  5.5170443968836533E+000                 -1.1798726988405758E+001                  1.6588524334510673E+000                  3.2677782370621182E+000                 -5.7913990060426601E-001                 -1.6938095246523868E+000 
                 8.3293726067742710E+000                  1.4948483343152109E-012                  2.0212595382096455E-002                  3.0338276251018114E-005                  4.4922887667647956E+001                  2.0165877068315182E-002                  9.9994720602723897E-001                  5.4767035445804240E+000                  5.4897963072307672E+000                 -1.1825402868149792E+001                  1.6524676600236483E+000                  3.2610557933441373E+000                 -5.7765092747457691E-001                 -1.6943779176695659E+000 
                 8.3759690028988256E+000                  1.4063377873613331E-012                  2.0186541645541439E-002                  3.0338276251018114E-005                  4.4271157192980652E+001                  2.0138770460304923E-002                  9.9994338314376063E-001                  5.4517120558575449E+000                  5.4624073860919324E+000                 -1.1851910353876733E+001                  1.6461208687228259E+000                  3.2544728496625130E+000                 -5.7621062693538572E-001                 -1.6949380779313916E+000 
                 8.4227944384674593E+000                  1.3234960138600771E-012                  2.0161181187275688E-002                  3.0338276251018114E-005                  4.3631696213124457E+001                  2.0112762613530195E-002                  9.9994040060254763E-001                  5.4273783204882786E+000                  5.4351873466930662E+000                 -1.1878277362380146E+001                  1.6398020913217031E+000                  3.2480453590027185E+000                 -5.7481901888783726E-001                 -1.6954840273808520E+000 
                 8.4698806761566026E+000                  1.2423884497340526E-012                  2.0136913928358320E-002                  3.0338276251018114E-005                  4.2973162765355404E+001                  2.0087906583747712E-002                  9.9993732318960116E-001                  5.4039119469099228E+000                  5.4088817740100499E+000                 -1.1905742594819808E+001                  1.6331973126434505E+000                  3.2418415227094513E+000                 -5.7348917174287040E-001                 -1.6960070862441781E+000 
                 8.5179166149040011E+000                  1.1732404934582811E-012                  2.0113473114508611E-002                  3.0338276251018114E-005                  4.2386997119808832E+001                  2.0063673731519384E-002                  9.9993302127542583E-001                  5.3806390669013977E+000                  5.3831362922228330E+000                 -1.1930612956105739E+001                  1.6272326445422265E+000                  3.2356850868717393E+000                 -5.7218663890134169E-001                 -1.6965129306846958E+000 
                 8.5683862270442699E+000                  1.1086606389351971E-012                  2.0090268386420466E-002                  3.0338276251018114E-005                  4.1815395807923259E+001                  2.0039894862823947E-002                  9.9992851130294857E-001                  5.3562334607337618E+000                  5.3573451927829145E+000                 -1.1955201371066737E+001                  1.6213362061904606E+000                  3.2292035635895733E+000                 -5.7083952892489498E-001                 -1.6970142614616628E+000 
                 8.6213401883682934E+000                  1.0478955540479281E-012                  2.0067712960946806E-002                  3.0338276251018114E-005                  4.1253422370902314E+001                  2.0017444669047611E-002                  9.9992614739395047E-001                  5.3309733464699356E+000                  5.3319866165748167E+000                 -1.1979682002238880E+001                  1.6154599774377205E+000                  3.2224702075100242E+000                 -5.6946517205881575E-001                 -1.6975021195422542E+000 
                 8.6771608469113861E+000                  9.9293413799268042E-013                  2.0046441365665160E-002                  3.0338276251018114E-005                  4.0723105613657523E+001                  1.9995607761862256E-002                  9.9992130553746073E-001                  5.3062869349998119E+000                  5.3105901049484787E+000                 -1.2003079557602272E+001                  1.6098408847971311E+000                  3.2158862867320148E+000                 -5.6813733156597379E-001                 -1.6979627119427709E+000 
                 8.7373697156089296E+000                  9.4153248667269130E-013                  2.0026022594654438E-002                  3.0338276251018114E-005                  4.0206002982737807E+001                  1.9974638312675059E-002                  9.9991623025657972E-001                  5.2823983469868043E+000                  5.2875947794380274E+000                 -1.2026164690475486E+001                  1.6042908946930581E+000                  3.2095042026972136E+000                 -5.6686418352716494E-001                 -1.6984052981712321E+000 
                 8.8024570129798771E+000                  8.8401951932473071E-013                  2.0006225186123189E-002                  3.0338276251018114E-005                  3.9597002524903893E+001                  1.9955087978793581E-002                  9.9991363292319024E-001                  5.2619667611434906E+000                  5.2672134756626976E+000                 -1.2053538145573542E+001                  1.5976623054180703E+000                  3.2040299220890480E+000                 -5.6578404181186492E-001                 -1.6988348471702843E+000 
                 8.8723706010516210E+000                  8.3365676842207868E-013                  1.9990339116350751E-002                  3.0338276251018114E-005                  3.9036076771470107E+001                  1.9938126599291964E-002                  9.9990533518345937E-001                  5.2479327930604640E+000                  5.2531696865284898E+000                 -1.2079012719460801E+001                  1.5914661575824289E+000                  3.2002601376374051E+000                 -5.6504700805908736E-001                 -1.6991798384426309E+000 
                 8.9549669962956369E+000                  7.9794977419206075E-013                  1.9980330149779780E-002                  3.0338276251018114E-005                  3.8620863802971819E+001                  1.9928117390271206E-002                  9.9990248206009558E-001                  5.2399656983511127E+000                  5.2451664108246376E+000                 -1.2098024443834371E+001                  1.5868219772085512E+000                  3.1981176147210073E+000                 -5.6463027038866187E-001                 -1.6993973398816606E+000 
                 9.0516682895595899E+000                  7.8212371932058077E-013                  1.9975933196766112E-002                  3.0338276251018114E-005                  3.8432156110721230E+001                  1.9923376589269827E-002                  9.9989949201943562E-001                  5.2365944987560349E+000                  5.2417744575624345E+000                 -1.2106724543144304E+001                  1.5846947439481160E+000                  3.1972109005071769E+000                 -5.6445426764050499E-001                 -1.6994929230157576E+000 
                 9.1613973865507443E+000                  7.7839245629106043E-013                  1.9974633845047485E-002                  3.0338276251018114E-005                  3.8387485480695787E+001                  1.9921838406538373E-002                  9.9989799699910564E-001                  5.2355714622846303E+000                  5.2407417905606897E+000                 -1.2108801381638779E+001                  1.5841896593125371E+000                  3.1969357515455670E+000                 -5.6440089506525493E-001                 -1.6995211729918371E+000 
                 9.2824667489651240E+000                  7.7743606726154960E-013                  1.9974300455600155E-002                  3.0338276251018114E-005                  3.8376008898029809E+001                  1.9921522666378092E-002                  9.9989799699910564E-001                  5.2353097023257655E+000                  5.2404759331907034E+000                 -1.2109335315197779E+001                  1.5840598002797279E+000                  3.1968653513360534E+000                 -5.6438724156819653E-001                 -1.6995284217057185E+000 
                 9.4129081701049149E+000                  7.7727847499273574E-013                  1.9974245413371294E-002                  3.0338276251018114E-005                  3.8374116845065011E+001                  1.9921470533891743E-002                  9.9989799699910564E-001                  5.2352666102014043E+000                  5.2404326879079601E+000                 -1.2109423358952579E+001                  1.5840383877241668E+000                  3.1968537618398183E+000                 -5.6438499386772822E-001                 -1.6995296184719959E+000 
                 9.5507677267149251E+000                  7.7726264207660814E-013                  1.9974239969470849E-002                  3.0338276251018114E-005                  3.8373926655748392E+001                  1.9921465382191209E-002                  9.9989799699910564E-001                  5.2352622562940425E+000                  5.2404283157027036E+000                 -1.2109432205483598E+001                  1.5840362352740291E+000                  3.1968525908076759E+000                 -5.6438476686796257E-001                 -1.6995297368372306E+000 
                 9.6943002848180342E+000                  7.7726171400727428E-013                  1.9974239653215396E-002                  3.0338276251018114E-005                  3.8373915504697521E+001                  1.9921465083058785E-002                  9.9989799699910564E-001                  5.2352620000736625E+000                  5.2404280583948006E+000                 -1.2109432724041431E+001                  1.5840361090726993E+000                  3.1968525218923745E+000                 -5.6438475351252348E-001                 -1.6995297437134873E+000 
                 9.6989700043360187E+000                  7.7726170622428595E-013                  1.9974239650886894E-002                  3.0338276251018114E-005                  3.8373915410871483E+001                  1.9921465080873533E-002                  9.9989799699910564E-001                  5.2352619978137813E+000                  5.2404280561261167E+000                 -1.2109432728390171E+001                  1.5840361080108283E+000                  3.1968525212843200E+000                 -5.6438475339507943E-001                 -1.6995297437641153E+000 
