                           1                            2                            3                            4                            5 
              version_number                 initial_mass                    initial_z                    burn_min1                    burn_min2 
                       10398      1.0000000000000000E+000      2.0000000000000000E-002      5.0000000000000000E+001      1.0000000000000000E+003 

                                       1                                        2                                        3                                        4                                        5                                        6                                        7                                        8                                        9                                       10                                       11                                       12                                       13                                       14 
                            log_star_age                               luminosity                                   radius                                star_mass                 surface_cell_temperature                           conv_mx1_top_r                             conv_mx1_top                           center_entropy                              max_entropy                                    log_L                                 log_Teff                             log_center_T                           log_center_Rho                                    log_R 
                 2.4559204360439941E+000                  8.4066336316829479E-008                  3.7360252512921209E-002                  3.6405931501221739E-005                  5.0883859912961429E+002                  3.4325975494262952E-002                  9.9911358470293310E-001                  9.0018165789259399E+000                  9.1751676523348724E+000                 -7.0753778790971111E+000                  2.7065800469990560E+000                  4.0042427956870421E+000                 -9.5669456454337298E-001                 -1.4275901970940403E+000 
                 2.8433102623827233E+000                  8.1207353101940062E-008                  3.7229036817601840E-002                  3.6405931501221739E-005                  5.0534428449373667E+002                  3.4225512386467143E-002                  9.9911358470293310E-001                  8.9923731441051391E+000                  9.1602702984107047E+000                 -7.0904046448103539E+000                  2.7035873568330309E+000                  4.0030205546657198E+000                 -9.5481619743792923E-001                 -1.4291181996186124E+000 
                 3.1104435048552852E+000                  7.7427092605099213E-008                  3.7048779148679788E-002                  3.6405931501221739E-005                  5.0057102432176566E+002                  3.4066565861163613E-002                  9.9909525091540707E-001                  8.9793234234280739E+000                  9.1390074875805976E+000                 -7.1111070482305720E+000                  2.6994657054459141E+000                  4.0013268367101116E+000                 -9.5223100042692499E-001                 -1.4312260985544873E+000 
                 3.3309576099003420E+000                  7.2569715439032072E-008                  3.6804931901943401E-002                  3.6405931501221739E-005                  4.9415735676669266E+002                  3.3861557535630693E-002                  9.9907691712788105E-001                  8.9615588168479281E+000                  9.1086342066885528E+000                 -7.1392445798742301E+000                  2.6938652639986524E+000                  3.9990124253261476E+000                 -9.4873109500001307E-001                 -1.4340939814817935E+000 
                 3.5270944124482466E+000                  6.6598961748359118E-008                  3.6483105361810035E-002                  3.6405931501221739E-005                  4.8579203010527812E+002                  3.3609730282272585E-002                  9.9906624698871904E-001                  8.9379265908221885E+000                  9.0659093868779337E+000                 -7.1765325412572238E+000                  2.6864503842008678E+000                  3.9959178647414757E+000                 -9.4410914080478592E-001                 -1.4379082025777199E+000 
                 3.6896227319170789E+000                  6.0420091601154510E-008                  3.6118016211062517E-002                  3.6405931501221739E-005                  4.7649990682501891E+002                  3.3306565436941146E-002                  9.9903329505150740E-001                  8.9108901475933244E+000                  9.0142765903891142E+000                 -7.2188186206409277E+000                  2.6780628187714925E+000                  3.9923555271799249E+000                 -9.3886860542533801E-001                 -1.4422761114108222E+000 
                 3.8191234463149670E+000                  5.4808501044156603E-008                  3.5749995884680252E-002                  3.6405931501221739E-005                  4.6741581494173909E+002                  3.3018528212350996E-002                  9.9901101325345776E-001                  8.8834065755115112E+000                  8.9598496090325952E+000                 -7.2611520752704966E+000                  2.6697034013367933E+000                  3.9887103930910888E+000                 -9.3359341080275748E-001                 -1.4467240038562084E+000 
                 3.9256788037511665E+000                  4.9881894931578021E-008                  3.5390856589894062E-002                  3.6405931501221739E-005                  4.5884881886758114E+002                  3.2739633697951798E-002                  9.9898689366020432E-001                  8.8562605771059442E+000                  8.9054166408832156E+000                 -7.3020570567432879E+000                  2.6616696168901122E+000                  3.9850868423079988E+000                 -9.2843556983107312E-001                 -1.4511089256992420E+000 
                 4.0167023696488400E+000                  4.5592159818841047E-008                  3.5043723598659288E-002                  3.6405931501221739E-005                  4.5086532693727452E+002                  3.2471869353716681E-002                  9.9896277406695089E-001                  8.8295068793857503E+000                  8.8525610853748997E+000                 -7.3411098336548797E+000                  2.6540468366862564E+000                  3.9814937068236809E+000                 -9.2340449883125586E-001                 -1.4553897537473257E+000 
                 4.0971530372034559E+000                  4.1845059432052485E-008                  3.4707624289370208E-002                  3.6405931501221739E-005                  4.4343301324724803E+002                  3.2234126288997501E-002                  9.9896277406695089E-001                  8.8029152238524251E+000                  8.8037397495198668E+000                 -7.3783558109815743E+000                  2.6468280217009306E+000                  3.9779012154879294E+000                 -9.1845541389916940E-001                 -1.4595751124400209E+000 
                 4.1702705912363509E+000                  3.8560673340796171E-008                  3.4380781483845560E-002                  3.6405931501221739E-005                  4.3652357125513078E+002                  3.2000600682486530E-002                  9.9896277406695089E-001                  8.7761812989935635E+000                  8.7762590368203490E+000                 -7.4138553911167415E+000                  2.6400076984038896E+000                  3.9742681810033669E+000                 -9.1352988899025556E-001                 -1.4636842559135230E+000 
                 4.2382258235686958E+000                  3.5677938084963192E-008                  3.4061234640447510E-002                  3.6405931501221739E-005                  4.3012943462728282E+002                  3.1768445092034074E-002                  9.9896277406695089E-001                  8.7489801798638442E+000                  8.7489853680719190E+000                 -7.4476002525077440E+000                  2.6335991620615502E+000                  3.9705494305498821E+000                 -9.0856781355792582E-001                 -1.4677396139243450E+000 
                 4.3025853568719512E+000                  3.3195741375868093E-008                  3.3747872166913162E-002                  3.6405931501221739E-005                  4.2440140678594838E+002                  3.1575331708844412E-002                  9.9901101325345776E-001                  8.7209062629968415E+000                  8.7209121593852501E+000                 -7.4789176276089240E+000                  2.6277768136338975E+000                  3.9666879477883912E+000                 -9.0349862793744529E-001                 -1.4717536046196307E+000 
                 4.3648886961209961E+000                  3.1195075796737742E-008                  3.3439949854693361E-002                  3.6405931501221739E-005                  4.1977649970610867E+002                  3.1380409879870869E-002                  9.9906624698871904E-001                  8.6912049364726887E+000                  8.6912114471660811E+000                 -7.5059139547983245E+000                  2.6230181207689349E+000                  3.9625774319599225E+000                 -8.9819510103746769E-001                 -1.4757343824844056E+000 
                 4.4269602429628563E+000                  2.9398426705947209E-008                  3.3121825764154740E-002                  3.6405931501221739E-005                  4.1557872613289248E+002                  3.3007483470347800E-002                  9.9999269750050401E-001                  8.6587159204388371E+000                  8.6587304210257265E+000                 -7.5316759107854043E+000                  2.6186533064034423E+000                  3.9580525917514660E+000                 -8.9246691892480956E-001                 -1.4798857317469600E+000 
                 4.4872732367774288E+000                  2.7593806240625533E-008                  3.2794181071924416E-002                  3.6405931501221739E-005                  4.1108717388653122E+002                  3.2683193051425703E-002                  9.9999269750050401E-001                  8.6242361367261253E+000                  8.6242721107984899E+000                 -7.5591883895792682E+000                  2.6139339256912764E+000                  3.9532185624678409E+000                 -8.8647089963611925E-001                 -1.4842032097195597E+000 
                 4.5439140144779424E+000                  2.5855866511832212E-008                  3.2470998450689979E-002                  3.6405931501221739E-005                  4.0646333116678460E+002                  3.2358366666503116E-002                  9.9999230351489754E-001                  8.5891774723136312E+000                  8.5892250066548019E+000                 -7.5874409030668755E+000                  2.6090213709836996E+000                  3.9482689490523937E+000                 -8.8045611774676646E-001                 -1.4885043570482108E+000 
                 4.5969837638086775E+000                  2.4197988545140147E-008                  3.2156046939421763E-002                  3.6405931501221739E-005                  4.0173799621504020E+002                  3.2046603752581546E-002                  9.9999230351489754E-001                  8.5539504770769668E+000                  8.5539952313590639E+000                 -7.6162207331952985E+000                  2.6039429079539156E+000                  3.9432610880109538E+000                 -8.7449331480287074E-001                 -1.4927373460528530E+000 
                 4.6469902469986160E+000                  2.2616914484394937E-008                  3.1850188347110280E-002                  3.6405931501221739E-005                  3.9690060041110058E+002                  3.1743730262403749E-002                  9.9999230351489754E-001                  8.5186510045008994E+000                  8.5186984224663647E+000                 -7.6455666440526198E+000                  2.5986817547665035E+000                  3.9382100141801155E+000                 -8.6860310167938570E-001                 -1.4968879951066898E+000 
                 4.6944367825032716E+000                  2.1110312041535725E-008                  3.1553375523053248E-002                  3.6405931501221739E-005                  3.9194954941499691E+002                  3.1445283036208249E-002                  9.9999190952929107E-001                  8.4833094865787597E+000                  8.4833837969892212E+000                 -7.6755053471321579E+000                  2.5932301683914014E+000                  3.9331195398266248E+000                 -8.6279243708006526E-001                 -1.5009541738962555E+000 
                 4.7397347883204644E+000                  1.9670970482986020E-008                  3.1265329494649524E-002                  3.6405931501221739E-005                  3.8686047531964437E+002                  3.1155594070869493E-002                  9.9999150602464670E-001                  8.4479738125952224E+000                  8.4480536737494560E+000                 -7.7061742132881603E+000                  2.5875543599431214E+000                  3.9279946171816071E+000                 -8.5706399999760863E-001                 -1.5049369900776970E+000 
                 4.7832070757237162E+000                  1.8295805086240512E-008                  3.0985906160889296E-002                  3.6405931501221739E-005                  3.8162357878512370E+002                  3.0878765246400958E-002                  9.9999150602464670E-001                  8.4126871580411233E+000                  8.4127438980969202E+000                 -7.7376484751186831E+000                  2.5816351987936041E+000                  3.9228417978266221E+000                 -8.5142032940395818E-001                 -1.5088357986939223E+000 
                 4.8251287653829547E+000                  1.6984438644919566E-008                  3.0715085440781970E-002                  3.6405931501221739E-005                  3.7624120346314680E+002                  3.0606290396113338E-002                  9.9999110252000234E-001                  8.3774487071861241E+000                  8.3774848927585879E+000                 -7.7699488024850094E+000                  2.5754663537335043E+000                  3.9176656763336006E+000                 -8.4586460036078759E-001                 -1.5126482722568864E+000 
                 4.8657543334602797E+000                  1.5736802881388994E-008                  3.0452698830689934E-002                  3.6405931501221739E-005                  3.7071968881896333E+002                  3.0342308209122652E-002                  9.9999069901535798E-001                  8.3422603124186825E+000                  8.3422920156979643E+000                 -7.8030834951030927E+000                  2.5690456507224586E+000                  3.9124683111725833E+000                 -8.4039961575436783E-001                 -1.5163742125438366E+000 
                 4.9053098609575860E+000                  1.4550290495004112E-008                  3.0198382613405031E-002                  3.6405931501221739E-005                  3.6505264020142357E+002                  3.0086266666899789E-002                  9.9999027554893261E-001                  8.3071370420628323E+000                  8.3071686030913074E+000                 -7.8371283359483206E+000                  2.5623554925766077E+000                  3.9072491863542491E+000                 -8.3502528628632100E-001                 -1.5200163166747491E+000 
                 4.9439753624187679E+000                  1.3424932476840385E-008                  2.9951847729587124E-002                  3.6405931501221739E-005                  3.5924905744501342E+002                  2.9838069797059358E-002                  9.9998985208250724E-001                  8.2721064682773520E+000                  8.2721416256336582E+000                 -7.8720878899866458E+000                  2.5553956361397518E+000                  3.9020102771150360E+000                 -8.2974073606883725E-001                 -1.5235763808201994E+000 
                 4.9819049485171982E+000                  1.2360919891494095E-008                  2.9712849113053448E-002                  3.6405931501221739E-005                  3.5332142119221390E+002                  2.9597471271601734E-002                  9.9998942861608187E-001                  8.2371648551127539E+000                  8.2372031582369996E+000                 -7.9079492081360323E+000                  2.5481699674235649E+000                  3.8967536612176086E+000                 -8.2454436625778993E-001                 -1.5270557024625198E+000 
                 5.0192396182471493E+000                  1.1358443313170891E-008                  2.9481117225307215E-002                  3.6405931501221739E-005                  3.4728590266039646E+002                  2.9364203990702137E-002                  9.9998900514965650E-001                  8.2023215850484004E+000                  8.2048092718411159E+000                 -7.9446811850708823E+000                  2.5406871531318411E+000                  3.8914800261377782E+000                 -8.1943488464276004E-001                 -1.5304560623464962E+000 
                 5.0561067699034759E+000                  1.0416731504557420E-008                  2.9256310387635563E-002                  3.6405931501221739E-005                  3.4115560399956382E+002                  2.9134248287815859E-002                  9.9998811635854024E-001                  8.1676036282016451E+000                  8.1754311506130239E+000                 -7.9822685298091161E+000                  2.5329525083265287E+000                  3.8861894177312544E+000                 -8.1441406626079671E-001                 -1.5337804451049890E+000 
                 5.0926122257004263E+000                  9.5349995117645156E-009                  2.9038112179734524E-002                  3.6405931501221739E-005                  3.3494646527804343E+002                  2.8914640559018448E-002                  9.9998767196298211E-001                  8.1329718322944533E+000                  8.1460267816909138E+000                 -8.0206793248558341E+000                  2.5249753976748792E+000                  3.8808825709642232E+000                 -8.0948252520180863E-001                 -1.5370316213250483E+000 
                 5.1288450396000611E+000                  8.7123723638284606E-009                  2.8826246510158079E-002                  3.6405931501221739E-005                  3.2867712439156844E+002                  2.8701473847503364E-002                  9.9998722756742398E-001                  8.0983301050541563E+000                  8.1164738251005559E+000                 -8.0598635712573223E+000                  2.5167694773023612E+000                  3.8755590077857289E+000                 -8.0463654827898379E-001                 -1.5402119037807571E+000 
                 5.1648772111821586E+000                  7.9481473269035416E-009                  2.8620487702487853E-002                  3.6405931501221739E-005                  3.2237205058718791E+002                  2.8494393873404869E-002                  9.9998676122973473E-001                  8.0636162334465595E+000                  8.0866655608303990E+000                 -8.0997340914026541E+000                  2.5083573803721104E+000                  3.8702203662337378E+000                 -7.9987233337033503E-001                 -1.5433229699929212E+000 
                 5.2007792420056482E+000                  7.2408157525395414E-009                  2.8420447573545466E-002                  3.6405931501221739E-005                  3.1605366971256524E+002                  2.8293218438373152E-002                  9.9998629489204549E-001                  8.0288007110193274E+000                  8.0564113971590228E+000                 -8.1402125032960431E+000                  2.4997608358811991E+000                  3.8648656164945967E+000                 -7.9518889284671690E-001                 -1.5463690869577935E+000 
                 5.2366033824136160E+000                  6.5886052563789987E-009                  2.8225743735795894E-002                  3.6405931501221739E-005                  3.0974556350320472E+002                  2.8097614278597863E-002                  9.9998582855435625E-001                  7.9940020773624170E+000                  8.0254427780136393E+000                 -8.1812065115922206E+000                  2.4910050932211343E+000                  3.8594957805918253E+000                 -7.9058841769007748E-001                 -1.5493546057857523E+000 
                 5.2723768547800320E+000                  5.9899738640367108E-009                  2.8036088998669766E-002                  3.6405931501221739E-005                  3.0347780665438177E+002                  2.7907346028644964E-002                  9.9998536221666701E-001                  7.9593907824112504E+000                  7.9935476177554099E+000                 -8.2225750725571647E+000                  2.4821269351109332E+000                  3.8541091304533337E+000                 -7.8606769963017842E-001                 -1.5522825700478231E+000 
                 5.3081170733904921E+000                  5.4433313408707079E-009                  2.7851255718059419E-002                  3.6405931501221739E-005                  2.9728515427691968E+002                  2.7725096209616447E-002                  9.9998536221666701E-001                  7.9251693615182681E+000                  7.9605634282017261E+000                 -8.2641352289509697E+000                  2.4731732205850467E+000                  3.8487091975100389E+000                 -7.8162262977638464E-001                 -1.5551552191929512E+000 
                 5.3438392946304409E+000                  4.9450432108544471E-009                  2.7671209096529207E-002                  3.6405931501221739E-005                  2.9117754123694328E+002                  2.7547696933748429E-002                  9.9998536221666701E-001                  7.8915534945806431E+000                  7.9269862347840192E+000                 -8.3058299090913401E+000                  2.4641578729030904E+000                  3.8432945645789620E+000                 -7.7724999680585438E-001                 -1.5579718638992244E+000 
                 5.3795589338526426E+000                  4.4905894516838123E-009                  2.7496009998861044E-002                  3.6405931501221739E-005                  2.8514805869673677E+002                  2.7375066689517322E-002                  9.9998536221666701E-001                  7.8586278475054065E+000                  7.8936375206517830E+000                 -8.3476966481255364E+000                  2.4550704176652336E+000                  3.8378631834269710E+000                 -7.7294976665545101E-001                 -1.5607303229406089E+000 
                 5.4153064609560149E+000                  4.0749755271309919E-009                  2.7325647827839722E-002                  3.6405931501221739E-005                  2.7917430112159997E+002                  2.7207058678573932E-002                  9.9998536221666701E-001                  7.8262078388840282E+000                  7.8612818957697570E+000                 -8.3898749951359992E+000                  2.4458754360121211E+000                  3.8324161863609074E+000                 -7.6872086525676797E-001                 -1.5634295331396160E+000 
                 5.4511204148764199E+000                  3.6939866765042327E-009                  2.7160141707876815E-002                  3.6405931501221739E-005                  2.7323556988037637E+002                  2.7046237746264523E-002                  9.9998582855435625E-001                  7.7940371595045761E+000                  7.8306769925444026E+000                 -8.4325046753091843E+000                  2.4365372336273996E+000                  3.8269495961321409E+000                 -7.6455662650205736E-001                 -1.5660679684567644E+000 
                 5.4870257869705314E+000                  3.3447075460443873E-009                  2.6999386522242975E-002                  3.6405931501221739E-005                  2.6732649808883878E+002                  2.6887121786449232E-002                  9.9998582855435625E-001                  7.7619532664297157E+000                  7.8017915153069604E+000                 -8.4756418500013169E+000                  2.4270420075915187E+000                  3.8214693624478899E+000                 -7.6045848683229367E-001                 -1.5686461037310691E+000 
                 5.5230027275451263E+000                  3.0263649178855732E-009                  2.6843191603953612E-002                  3.6405931501221739E-005                  2.6148252361205283E+002                  2.6734985753643966E-002                  9.9998629489204549E-001                  7.7298651301180730E+000                  7.7738598141570430E+000                 -8.5190787060984121E+000                  2.4174426660281187E+000                  3.8159812857017110E+000                 -7.5643144456862088E-001                 -1.5711658486528171E+000 
                 5.5590697010651100E+000                  2.7366648622834963E-009                  2.6691269095535656E-002                  3.6405931501221739E-005                  2.5571147194207583E+002                  2.6584361294766507E-002                  9.9998629489204549E-001                  7.6977675033609145E+000                  7.7464773493761703E+000                 -8.5627783839463518E+000                  2.4077502103537487E+000                  3.8104833007271663E+000                 -7.5247330014543379E-001                 -1.5736307762280468E+000 
                 5.5952479021743455E+000                  2.4720575326976537E-009                  2.6543606229524380E-002                  3.6405931501221739E-005                  2.4998508653359610E+002                  2.6437823173563288E-002                  9.9998629489204549E-001                  7.6656707083388342E+000                  7.7200445779235585E+000                 -8.6069414260418107E+000                  2.3979140986990517E+000                  3.8049712180497117E+000                 -7.4857963088610613E-001                 -1.5760400739663827E+000 
                 5.6315263849488177E+000                  2.2288964529295459E-009                  2.6400515128121513E-002                  3.6405931501221739E-005                  2.4425625436130517E+002                  2.6295563466384217E-002                  9.9998629489204549E-001                  7.6336977537961967E+000                  7.6952552993502721E+000                 -8.6519101069194360E+000                  2.3878456910327879E+000                  3.7994560180188066E+000                 -7.4475566230853074E-001                 -1.5783875990726672E+000 
                 5.6678990877599489E+000                  2.0081449231214095E-009                  2.6261280735234274E-002                  3.6405931501221739E-005                  2.3859988606625035E+002                  2.6157310137944454E-002                  9.9998629489204538E-001                  7.6019651698439876E+000                  7.6690632704514829E+000                 -8.6972049483792180E+000                  2.3776702299523840E+000                  3.7939455690964885E+000                 -7.4100507549085570E-001                 -1.5806840976417502E+000 
                 5.7045449105762067E+000                  1.8161186675298302E-009                  2.6122579443520089E-002                  3.6405931501221739E-005                  2.3329608269206290E+002                  2.6018701658194390E-002                  9.9998582855435614E-001                  7.5702374490223399E+000                  7.6324909826799789E+000                 -8.7408557775277007E+000                  2.3679074445341213E+000                  3.7883979873403053E+000                 -7.3729722226234229E-001                 -1.5829839413794660E+000 
                 5.7413945072775343E+000                  1.6562642360162538E-009                  2.5982786839307288E-002                  3.6405931501221739E-005                  2.2859617592678242E+002                  2.5885683013471092E-002                  9.9998629489204527E-001                  7.5382816090703031E+000                  7.5823929971255213E+000                 -8.7808703758305224E+000                  2.3590689590598459E+000                  3.7827750203636579E+000                 -7.3360694952506345E-001                 -1.5853142695823268E+000 
                 5.7780031534659164E+000                  1.5213722937054279E-009                  2.5844912169525142E-002                  3.6405931501221739E-005                  2.2438858790342749E+002                  2.5757147042088084E-002                  9.9998722756742375E-001                  7.5061994819303646E+000                  7.5299020071377063E+000                 -8.8177644971124245E+000                  2.3510007636409331E+000                  3.7770959211367909E+000                 -7.2994832398249254E-001                 -1.5876249393854520E+000 
                 5.8142961126058719E+000                  1.4016563399140286E-009                  2.5710629253204546E-002                  3.6405931501221739E-005                  2.2041109571333359E+002                  2.5631099529602772E-002                  9.9998811635854001E-001                  7.4739431588203074E+000                  7.4832581775285520E+000                 -8.8533584542538932E+000                  2.3432334517196627E+000                  3.7713545812524258E+000                 -7.2631685323979689E-001                 -1.5898872941136455E+000 
                 5.8503419443342413E+000                  1.3006372592422597E-009                  2.5579422429302948E-002                  3.6405931501221739E-005                  2.1688179587978593E+002                  2.5511303412271275E-002                  9.9998985208250701E-001                  7.4413252224228073E+000                  7.4455582931672257E+000                 -8.8858438089537266E+000                  2.3362230989384267E+000                  3.7655181067473631E+000                 -7.2268935721140193E-001                 -1.5921092659010900E+000 
                 5.8862312219702151E+000                  1.2210356856443055E-009                  2.5448943973546495E-002                  3.6405931501221739E-005                  2.1403097327635166E+002                  2.5408632373061138E-002                  9.9999458352114456E-001                  7.4078184085403151E+000                  7.4166735163596744E+000                 -8.9132716433016927E+000                  2.3304766245944997E+000                  3.7594874618189822E+000                 -7.1900738399977249E-001                 -1.5943302343872194E+000 
                 5.9216747310632485E+000                  1.1424454102970213E-009                  2.5319557390622267E-002                  3.6405931501221739E-005                  2.1103778965544564E+002                  2.5278088077863713E-002                  9.9999421721067705E-001                  7.3737112782382823E+000                  7.3883842999419187E+000                 -8.9421645427444876E+000                  2.3243602277697932E+000                  3.7533092517260949E+000                 -7.1530693359987496E-001                 -1.5965438904592044E+000 
                 5.9562864931104276E+000                  1.0646890613233493E-009                  2.5193353156884112E-002                  3.6405931501221739E-005                  2.0787015063158663E+002                  2.5151755767393851E-002                  9.9999403405544329E-001                  7.3395628927081642E+000                  7.3609555506213322E+000                 -8.9727772078763071E+000                  2.3177921289628096E+000                  3.7470867785261186E+000                 -7.1165004637035634E-001                 -1.5987140254111463E+000 
                 5.9900818667116011E+000                  9.8813305340036757E-010                  2.5070994714250807E-002                  3.6405931501221739E-005                  2.0452551462037709E+002                  2.5027077410704934E-002                  9.9999346643364095E-001                  7.3055832835842063E+000                  7.3346941631842668E+000                 -9.0051845731582887E+000                  2.3107474922747429E+000                  3.7408603603455952E+000                 -7.0805487886916796E-001                 -1.6008284346760031E+000 
                 6.0232008362214984E+000                  9.1291844080953196E-010                  2.4952602117924737E-002                  3.6405931501221739E-005                  2.0099233437768308E+002                  2.4906389648006049E-002                  9.9999288973378808E-001                  7.2718649556466621E+000                  7.3091839663844693E+000                 -9.0395680201530464E+000                  2.3031794923861049E+000                  3.7346427267647693E+000                 -7.0452968123974780E-001                 -1.6028841583961062E+000 
                 6.0558138530165451E+000                  8.4043308586505365E-010                  2.4837886771549446E-002                  3.6405931501221739E-005                  1.9733216647002209E+002                  2.4789440209639923E-002                  9.9999230351489732E-001                  7.2384118370778925E+000                  7.2839072063448409E+000                 -9.0754968587818130E+000                  2.2951978820639352E+000                  3.7284342346701087E+000                 -7.0107637104730802E-001                 -1.6048853570661503E+000 
                 6.0880614898662007E+000                  7.7118387274584454E-010                  2.4726563770831548E-002                  3.6405931501221739E-005                  1.9356954149271661E+002                  2.4675069886448537E-002                  9.9999150602464648E-001                  7.2052177550522591E+000                  7.2581066303396078E+000                 -9.1128420611212029E+000                  2.2868370194328906E+000                  3.7222402783759154E+000                 -6.9769250634505076E-001                 -1.6068362329737567E+000 
                 6.1200427030985383E+000                  7.0554458458871751E-010                  2.4618566752629405E-002                  3.6405931501221739E-005                  1.8972700589721879E+002                  2.4565122059020249E-002                  9.9999090076767994E-001                  7.1723023063710336E+000                  7.2317497279551084E+000                 -9.1514755372192571E+000                  2.2781291511661506E+000                  3.7160678415225701E+000                 -6.9437637692970822E-001                 -1.6087372344893036E+000 
                 6.1518555680270302E+000                  6.4371913348210476E-010                  2.4513857561558314E-002                  3.6405931501221739E-005                  1.8582224196410979E+002                  2.4458505967923927E-002                  9.9999027554893238E-001                  7.1396843432889270E+000                  7.2052679972027551E+000                 -9.1913035819970172E+000                  2.2690976935825504E+000                  3.7099142701505827E+000                 -6.9112838189316617E-001                 -1.6105883417109825E+000 
                 6.1835861976707918E+000                  5.8544401534183342E-010                  2.4412414932917112E-002                  3.6405931501221739E-005                  1.8184249915556197E+002                  2.4354385766098254E-002                  9.9998942861608164E-001                  7.1073809961744763E+000                  7.1787540794880114E+000                 -9.2325146291836138E+000                  2.2596953894486926E+000                  3.7037815595631609E+000                 -6.8794891775295275E-001                 -1.6123892570365645E+000 
                 6.2153137922830171E+000                  5.3092162351968074E-010                  2.4314141755819661E-002                  3.6405931501221739E-005                  1.7781056075057862E+002                  2.4253555157662567E-002                  9.9998856075409814E-001                  7.0753913658957854E+000                  7.1521214743985473E+000                 -9.2749695862353452E+000                  2.2499575494756079E+000                  3.6976753941431215E+000                 -6.8483498857945546E-001                 -1.6141410556162610E+000 
                 6.2471325183706581E+000                  4.8034966812108289E-010                  2.4218820130019646E-002                  3.6405931501221739E-005                  1.7375699742676230E+002                  2.4157420568264341E-002                  9.9998811635854001E-001                  7.0436999245701601E+000                  7.1250630239973907E+000                 -9.3184425050210926E+000                  2.2399423010874080E+000                  3.6915937520342683E+000                 -6.8178191748132932E-001                 -1.6158470182327356E+000 
                 6.2791332822243699E+000                  4.3363398761302049E-010                  2.4126217117314924E-002                  3.6405931501221739E-005                  1.6969366637885855E+002                  2.4062582287079172E-002                  9.9998722756742386E-001                  7.0122803250040029E+000                  7.0971493659484581E+000                 -9.3628766857539993E+000                  2.2296656308783356E+000                  3.6855263708681405E+000                 -6.7878541486220412E-001                 -1.6175107681810439E+000 
                 6.3114031357213278E+000                  3.9083253121435680E-010                  2.4036056358211006E-002                  3.6405931501221739E-005                  1.6565154468353234E+002                  2.3971866539603218E-002                  9.9998676122973462E-001                  6.9810620974448598E+000                  7.0679557743940116E+000                 -9.4080092946490517E+000                  2.2191954877398605E+000                  3.6794596454999802E+000                 -6.7583826687437254E-001                 -1.6191367863516197E+000 
                 6.3440252775300134E+000                  3.5175942551725957E-010                  2.3948069253385055E-002                  3.6405931501221739E-005                  1.6164251672790800E+002                  2.3882028690070622E-002                  9.9998582855435614E-001                  6.9499851706863467E+000                  7.0372575180098718E+000                 -9.4537542566642419E+000                  2.2085556013728800E+000                  3.6733845699202456E+000                 -6.7293332280025742E-001                 -1.6207294946252546E+000 
                 6.3770468899203925E+000                  3.1625829801948666E-010                  2.3862099871791224E-002                  3.6405931501221739E-005                  1.5768325391932981E+002                  2.3795924266059063E-002                  9.9998536221666690E-001                  6.9190456324965677E+000                  6.9939585745321740E+000                 -9.4999580706009628E+000                  2.1977855710471350E+000                  3.6672983348671395E+000                 -6.7006715657308835E-001                 -1.6222913409421245E+000 
                 6.4104662814320719E+000                  2.8409117209480030E-010                  2.3778151278862313E-002                  3.6405931501221739E-005                  1.5378175481297188E+002                  2.3711931885235443E-002                  9.9998487287610993E-001                  6.8882345861735699E+000                  6.9174325863356811E+000                 -9.5465422614199085E+000                  2.1869048099966037E+000                  3.6611970459294620E+000                 -6.6723858259108715E-001                 -1.6238219142505350E+000 
                 6.4441503074296431E+000                  2.5500334235675253E-010                  2.3696614869570615E-002                  3.6405931501221739E-005                  1.4994180470218163E+002                  2.3631815511286864E-002                  9.9998487287610993E-001                  6.8576530190580334E+000                  6.8614440677422879E+000                 -9.5934541271833726E+000                  2.1759227313255898E+000                  3.6551021484658612E+000                 -6.6445835844915091E-001                 -1.6253136897902396E+000 
                 6.4779345189764888E+000                  2.2882041138865092E-010                  2.3617804436936105E-002                  3.6405931501221739E-005                  1.4617844917059230E+002                  2.3551715177956508E-002                  9.9998389419499600E-001                  6.8274699351418935E+000                  6.8278129423669007E+000                 -9.6405052379293785E+000                  2.1648833476522706E+000                  3.6490479557884266E+000                 -6.6173963261738289E-001                 -1.6267604778166043E+000 
                 6.5117714972868628E+000                  2.0544797816568558E-010                  2.3541427222134061E-002                  3.6405931501221739E-005                  1.4252416134732633E+002                  2.3475658234746517E-002                  9.9998340485443904E-001                  6.7977352393909527E+000                  6.7980687115706688E+000                 -9.6872981283169626E+000                  2.1538884917296466E+000                  3.6430433908710205E+000                 -6.5908270936596158E-001                 -1.6281672111651477E+000 
                 6.5456164172972384E+000                  1.8547079767656107E-010                  2.3467005334625278E-002                  3.6405931501221739E-005                  1.3914559735756040E+002                  2.3403156223888520E-002                  9.9998340485443904E-001                  6.7683757585837343E+000                  6.7686950511497344E+000                 -9.7317244602068680E+000                  2.1434694671445298E+000                  3.6370743995819645E+000                 -6.5648062426477272E-001                 -1.6295423279398669E+000 
                 6.5794858342919111E+000                  1.6992040801370597E-010                  2.3393685366949083E-002                  3.6405931501221739E-005                  1.3634571191476817E+002                  2.3353063111677771E-002                  9.9999090076768005E-001                  6.7389846794484116E+000                  6.7392797128497728E+000                 -9.7697544577673607E+000                  2.1346414814978618E+000                  3.6310549870227393E+000                 -6.5389701098292929E-001                 -1.6309013554267773E+000 
                 6.6133146443067679E+000                  1.5696238593131877E-010                  2.3320977923809522E-002                  3.6405931501221739E-005                  1.3387668178440586E+002                  2.3286426637606935E-002                  9.9999230351489743E-001                  6.7093559446150701E+000                  6.7215557493850531E+000                 -9.8042044083526925E+000                  2.1267049372196647E+000                  3.6249398774588761E+000                 -6.5131128393644200E-001                 -1.6322532421630489E+000 
                 6.6470162007813576E+000                  1.4570526521904935E-010                  2.3248740844845663E-002                  3.6405931501221739E-005                  1.3161291671050054E+002                  2.3218115445020830E-002                  9.9999308196707248E-001                  6.6792539272808691E+000                  6.7171397971478628E+000                 -9.8365247542405569E+000                  2.1192985114605793E+000                  3.6187078834669224E+000                 -6.4871294408352720E-001                 -1.6336005635888100E+000 
                 6.6808156198868991E+000                  1.3486737337619512E-010                  2.3176544332938667E-002                  3.6405931501221739E-005                  1.2929502193220566E+002                  2.3144667624538311E-002                  9.9999230351489743E-001                  6.6485142401736326E+000                  6.7086813859331587E+000                 -9.8700931005613626E+000                  2.1115818019273789E+000                  3.6123185320937425E+000                 -6.4608853753227713E-001                 -1.6349513176828128E+000 
                 6.7147280911756617E+000                  1.2499184263489585E-010                  2.3104599003962306E-002                  3.6405931501221739E-005                  1.2705759199916479E+002                  2.3072794404383753E-002                  9.9999190952929096E-001                  6.6179362290369870E+000                  6.7039333961371410E+000                 -9.9031183295059666E+000                  2.1040006181278845E+000                  3.6057626966687510E+000                 -6.4344043740413281E-001                 -1.6363015645561256E+000 
                 6.7486017976300445E+000                  1.1559935841641520E-010                  2.3033148688009892E-002                  3.6405931501221739E-005                  1.2479340099977513E+002                  2.3004952262940886E-002                  9.9999269750050390E-001                  6.5879802715355682E+000                  6.6975340740347722E+000                 -9.9370445762700204E+000                  2.0961916185862401E+000                  3.5990667577245250E+000                 -6.4077921122918391E-001                 -1.6376466888548635E+000 
                 6.7820463117724010E+000                  1.0683709622661606E-010                  2.2963218328344349E-002                  3.6405931501221739E-005                  1.2254442594783468E+002                  2.2937249183781084E-002                  9.9999308196707248E-001                  6.5567796687856479E+000                  6.6902595030086562E+000                 -9.9712779243748777E+000                  2.0882935596361039E+000                  3.5923245246312812E+000                 -6.3813457445624322E-001                 -1.6389672450070201E+000 
                 6.8150634571450857E+000                  9.9089632603327533E-011                  2.2894683975267300E-002                  3.6405931501221739E-005                  1.2043955667502645E+002                  2.2869632652338347E-002                  9.9999308196707248E-001                  6.5235645534177227E+000                  6.6840574749106869E+000                 -1.0003971781828536E+001                  2.0807691461892492E+000                  3.5855171116049225E+000                 -6.3549927893869440E-001                 -1.6402653468401402E+000 
                 6.8476906097548538E+000                  9.2113711500082401E-011                  2.2827342241652528E-002                  3.6405931501221739E-005                  1.1843575027714144E+002                  2.2803105566064949E-002                  9.9999308196707248E-001                  6.4908284766171036E+000                  6.6756233137331620E+000                 -1.0035675718493680E+001                  2.0734828135624590E+000                  3.5786363996053483E+000                 -6.3287784120069102E-001                 -1.6415446499191315E+000 
                 6.8798592402727961E+000                  8.5247276054749489E-011                  2.2761493519250116E-002                  3.6405931501221739E-005                  1.1633199346801122E+002                  2.2738052993999610E-002                  9.9999308196707248E-001                  6.4597037749019472E+000                  6.6453210958358362E+000                 -1.0069319489324220E+001                  2.0656991682224870E+000                  3.5717304673425252E+000                 -6.3028853820818442E-001                 -1.6427992446544575E+000 
                 6.9115803233894333E+000                  7.9195752977997131E-011                  2.2697106893426692E-002                  3.6405931501221739E-005                  1.1437198057027426E+002                  2.2673855419084368E-002                  9.9999288973378819E-001                  6.4280601015991099E+000                  6.6150505600510989E+000                 -1.0101298107648836E+001                  2.0583196398165482E+000                  3.5647801880928727E+000                 -6.2771701891989662E-001                 -1.6440294970048879E+000 
                 6.9429600203071065E+000                  7.3159717956813923E-011                  2.2634026919181465E-002                  3.6405931501221739E-005                  1.1228364742074116E+002                  2.2610027615361614E-002                  9.9999230351489743E-001                  6.3961971529272317E+000                  6.5848923463501805E+000                 -1.0135727977471666E+001                  2.0503165098241194E+000                  3.5577950023996339E+000                 -6.2516948269432038E-001                 -1.6452381719314451E+000 
                 6.9738981702344462E+000                  6.7807042769291044E-011                  2.2572724060511837E-002                  3.6405931501221739E-005                  1.1032047801116919E+002                  2.2549381934297747E-002                  9.9999230351489743E-001                  6.3648992154774584E+000                  6.5549742943405489E+000                 -1.0168725195852810E+001                  2.0426561329661150E+000                  3.5508100173451478E+000                 -6.2265991774786278E-001                 -1.6464160274060082E+000 
                 7.0045824049264427E+000                  6.2487534920756434E-011                  2.2512887442264498E-002                  3.6405931501221739E-005                  1.0823361604336482E+002                  2.2489314015625952E-002                  9.9999190952929096E-001                  6.3332232041336667E+000                  6.5252531137952099E+000                 -1.0204206607536610E+001                  2.0343621663358697E+000                  3.5438031791477695E+000                 -6.2017436882022114E-001                 -1.6475687999874185E+000 
                 7.0350465334436381E+000                  5.7522386262016638E-011                  2.2454444670688068E-002                  3.6405931501221739E-005                  1.0615427394907749E+002                  2.2430656322965075E-002                  9.9999150602464659E-001                  6.3014839843772785E+000                  6.4956219041492798E+000                 -1.0240163105953926E+001                  2.0259374823221012E+000                  3.5367682129176479E+000                 -6.1771298271483188E-001                 -1.6486976811685385E+000 
                 7.0653133377646498E+000                  5.2901481771732164E-011                  2.2397554024009433E-002                  3.6405931501221739E-005                  1.0408690209804473E+002                  2.2373585655542764E-002                  9.9999110252000223E-001                  6.2857429108876985E+000                  6.4661946345732746E+000                 -1.0276532163195927E+001                  2.0173960810253719E+000                  3.5297198966472449E+000                 -6.1527423707625184E-001                 -1.6497994071960818E+000 
                 7.0954687471746363E+000                  4.8618989528924894E-011                  2.2342178868710941E-002                  3.6405931501221739E-005                  1.0203945728811148E+002                  2.2318458742962861E-002                  9.9999090076768005E-001                  6.2762540609916462E+000                  6.4370243838763672E+000                 -1.0313194071543121E+001                  2.0087681381415381E+000                  3.5226087833537383E+000                 -6.1284497796115600E-001                 -1.6508744756020104E+000 
                 7.1256235151361080E+000                  4.4543150206380695E-011                  2.2288246068192054E-002                  3.6405931501221739E-005                  9.9950899138829030E+001                  2.2263983326547616E-002                  9.9999027554893249E-001                  6.2668660759375783E+000                  6.4080392656164120E+000                 -1.0351219071790789E+001                  1.9997867033618759E+000                  3.5154439744775292E+000                 -6.1043280760877272E-001                 -1.6519241061665193E+000 
                 7.1558781903978010E+000                  4.0967869921680342E-011                  2.2235739323389420E-002                  3.6405931501221739E-005                  9.7997383230047902E+001                  2.2211323843816584E-002                  9.9998985208250712E-001                  6.2578817498991093E+000                  6.3794106459065567E+000                 -1.0387556616112981E+001                  1.9912144771857265E+000                  3.5081904217427313E+000                 -6.0803006972160212E-001                 -1.6529484259753167E+000 
                 7.1864366020182313E+000                  3.7607593062516695E-011                  2.2184836157779657E-002                  3.6405931501221739E-005                  9.6032932764017431E+001                  2.2160307576689433E-002                  9.9998942861608175E-001                  6.2488975747566151E+000                  6.3514449078797890E+000                 -1.0424724461130047E+001                  1.9824201901144936E+000                  3.5008250571350739E+000                 -6.0562938765851548E-001                 -1.6539437743413838E+000 
                 7.2174623917134646E+000                  3.4453726694290099E-011                  2.2134408838231336E-002                  3.6405931501221739E-005                  9.4059898884243864E+001                  2.2110516916551137E-002                  9.9998942861608175E-001                  6.2399308194661947E+000                  6.3231852395064729E+000                 -1.0462763795665468E+001                  1.9734045056041161E+000                  3.4933051942646003E+000                 -6.0321617691884966E-001                 -1.6549320725883394E+000 
                 7.2486285270833450E+000                  3.1519892253734500E-011                  2.2084887071396844E-002                  3.6405931501221739E-005                  9.2093294562242690E+001                  2.2060928282720056E-002                  9.9998900514965638E-001                  6.2313086407902274E+000                  6.2946810559455342E+000                 -1.0501415275753818E+001                  1.9642280078459762E+000                  3.4857399062321197E+000                 -6.0082623728936058E-001                 -1.6559048171162347E+000 
                 7.2798047585174954E+000                  2.8811932540939514E-011                  2.2036442291692476E-002                  3.6405931501221739E-005                  9.0147103538783455E+001                  2.2012414064808011E-002                  9.9998856075409825E-001                  6.2228970181320369E+000                  6.2660054987487781E+000                 -1.0540427610733193E+001                  1.9549517753035148E+000                  3.4781656186451428E+000                 -5.9847479278365801E-001                 -1.6568585195209995E+000 
                 7.3109349995602919E+000                  2.6253510246122964E-011                  2.1989227299736118E-002                  3.6405931501221739E-005                  8.8170089311589734E+001                  2.1965842278868497E-002                  9.9998856075409825E-001                  6.2147688789316922E+000                  6.2372845403984911E+000                 -1.0580812620692276E+001                  1.9453212787811442E+000                  3.4706219385260493E+000                 -5.9617111078919127E-001                 -1.6577900314557998E+000 
                 7.3420115471135121E+000                  2.3963517858305126E-011                  2.1943232474337770E-002                  3.6405931501221739E-005                  8.6271383225905481E+001                  2.1919804826577002E-002                  9.9998811635854012E-001                  6.2069848802068659E+000                  6.2085391955194247E+000                 -1.0620449426921098E+001                  1.9358667593944245E+000                  3.4630994814581029E+000                 -5.9391043219751005E-001                 -1.6586993957967719E+000 
                 7.3730650246523251E+000                  2.1815140930168006E-011                  2.1898470589819630E-002                  3.6405931501221739E-005                  8.4355233850345357E+001                  2.1875664718974099E-002                  9.9998811635854012E-001                  6.1805740968257501E+000                  6.1824057517124187E+000                 -1.0661241977038994E+001                  1.9261120317884244E+000                  3.4556144703047615E+000                 -5.9171779337992103E-001                 -1.6595862156437193E+000 
                 7.4041288921611867E+000                  1.9766070518429380E-011                  2.1854793034439490E-002                  3.6405931501221739E-005                  8.2382725583250348E+001                  2.1832020222063698E-002                  9.9998767196298199E-001                  6.1497000938812523E+000                  6.1516765074374860E+000                 -1.0704079659557461E+001                  1.9158361543054088E+000                  3.4482067562414747E+000                 -5.8958814833001705E-001                 -1.6604533019369216E+000 
                 7.4350847192466052E+000                  1.8025071587093291E-011                  2.1812351667718353E-002                  3.6405931501221739E-005                  8.0583740838227001E+001                  2.1790178028033916E-002                  9.9998767196298199E-001                  6.1193227286754661E+000                  6.1222288525241018E+000                 -1.0744123001792008E+001                  1.9062474223054333E+000                  3.4408963442731406E+000                 -5.8752231862577853E-001                 -1.6612975090542437E+000 
                 7.4661035750874358E+000                  1.6406482358010260E-011                  2.1770318036373828E-002                  3.6405931501221739E-005                  7.8786335724880431E+001                  2.1748181766490807E-002                  9.9998722756742386E-001                  6.0893388341141801E+000                  6.0925321664581480E+000                 -1.0784984524142926E+001                  1.8964509004046857E+000                  3.4336308902680455E+000                 -5.8550373071642403E-001                 -1.6621352264282072E+000 
                 7.4968164876443719E+000                  1.4862017023184585E-011                  2.1729876235506582E-002                  3.6405931501221739E-005                  7.6934339994569157E+001                  2.1708376093642224E-002                  9.9998722756742386E-001                  6.0602245401985577E+000                  6.0633623858278414E+000                 -1.0827922245582604E+001                  1.8861202304488078E+000                  3.4265226687264967E+000                 -5.8355965468945670E-001                 -1.6629427472362917E+000 
                 7.5274311443210697E+000                  1.3462348520696534E-011                  2.1691490480103208E-002                  3.6405931501221739E-005                  7.5121617469486196E+001                  2.1670340755428331E-002                  9.9998722756742386E-001                  6.0316421817050898E+000                  6.0348340581002322E+000                 -1.0870879170378881E+001                  1.8757649283463822E+000                  3.4195188917930279E+000                 -5.8167362495203978E-001                 -1.6637106054295780E+000 
                 7.5578223949150187E+000                  1.2101509293467651E-011                  2.1655742066021812E-002                  3.6405931501221739E-005                  7.3207027019352310E+001                  2.1633441508175189E-002                  9.9998629489204538E-001                  6.0039249297245227E+000                  6.0072376663438840E+000                 -1.0917160461340783E+001                  1.8645527678594151E+000                  3.4126909097874711E+000                 -5.7986292593698630E-001                 -1.6644269299365955E+000 
                 7.5879142133829518E+000                  1.0956621150098864E-011                  2.1621887197007215E-002                  3.6405931501221739E-005                  7.1466379806116223E+001                  2.1598991918566370E-002                  9.9998582855435614E-001                  5.9771777344152861E+000                  5.9806251154256724E+000                 -1.0960323354803108E+001                  1.8541017808899385E+000                  3.4060684714471483E+000                 -5.7813294963420514E-001                 -1.6651064027288041E+000 
                 7.6185767170856673E+000                  9.8336000107313748E-012                  2.1589069103824059E-002                  3.6405931501221739E-005                  6.9613039565197283E+001                  2.1565048127616039E-002                  9.9998487287610993E-001                  5.9507452717041556E+000                  5.9543224988494980E+000                 -1.1007287460949771E+001                  1.8426905947626635E+000                  3.3995001498672917E+000                 -5.7643889477603327E-001                 -1.6657660835475858E+000 
                 7.6498559385115836E+000                  8.8555878812263878E-012                  2.1557142231246565E-002                  3.6405931501221739E-005                  6.7863800377365152E+001                  2.1532017557587619E-002                  9.9998389419499600E-001                  5.9244924288163370E+000                  5.9282519958742341E+000                 -1.1052782602729366E+001                  1.8316381739680210E+000                  3.3929570883268032E+000                 -5.7477245695280399E-001                 -1.6664088128480981E+000 
                 7.6820485508837990E+000                  7.9034424824261633E-012                  2.1525958041825718E-002                  3.6405931501221739E-005                  6.6008862767813227E+001                  2.1499245619231725E-002                  9.9998237794632205E-001                  5.8983484139979252E+000                  5.9024486626801789E+000                 -1.1102183702953022E+001                  1.8196022477790030E+000                  3.3864194213944878E+000                 -5.7313245802672153E-001                 -1.6670375105818906E+000 
                 7.7149312867112059E+000                  7.1014313780891770E-012                  2.1495695358350157E-002                  3.6405931501221739E-005                  6.4311723056279362E+001                  2.1467946718154243E-002                  9.9998135103820507E-001                  5.8725710452193445E+000                  5.8769163367017079E+000                 -1.1148654105231346E+001                  1.8082901426418392E+000                  3.3799438130494281E+000                 -5.7152754498056735E-001                 -1.6676485014467246E+000 
                 7.7489253562632996E+000                  6.3562250567229143E-012                  2.1466007787886487E-002                  3.6405931501221739E-005                  6.2597011024433023E+001                  2.1437224566626861E-002                  9.9998027357758867E-001                  5.8468298909051013E+000                  5.8514948731195275E+000                 -1.1196800734000453E+001                  1.7965535934327546E+000                  3.3734495885005051E+000                 -5.6993378453110899E-001                 -1.6682487174131084E+000 
                 7.7838423706012971E+000                  5.7015712593980927E-012                  2.1437075063716456E-002                  3.6405931501221739E-005                  6.0960047417116286E+001                  2.1406834406289103E-002                  9.9997863089325123E-001                  5.8213128226565356E+000                  5.8262248250939086E+000                 -1.1244005443406463E+001                  1.7850452930384102E+000                  3.3669936730630470E+000                 -5.6836918070103903E-001                 -1.6688344713274252E+000 
                 7.8199084140675312E+000                  5.0727173261621555E-012                  2.1408817927309871E-002                  3.6405931501221739E-005                  5.9243845803647204E+001                  2.1377621442128635E-002                  9.9997750044580935E-001                  5.7959199402872148E+000                  5.8012118419121919E+000                 -1.1294759337782803E+001                  1.7726432394332272E+000                  3.3605496010675222E+000                 -5.6682859591365731E-001                 -1.6694073113052292E+000 
                 7.8568934593857911E+000                  4.5509670702626097E-012                  2.1381382093059866E-002                  3.6405931501221739E-005                  5.7694904347233482E+001                  2.1348812783665589E-002                  9.9997574923983878E-001                  5.7707583452501163E+000                  5.7764774453922980E+000                 -1.1341896306935922E+001                  1.7611374541993268E+000                  3.3541483465031061E+000                 -5.6531600360236067E-001                 -1.6699642254139879E+000 
                 7.8953360224910893E+000                  4.0793810834869225E-012                  2.1354392812045511E-002                  3.6405931501221739E-005                  5.6173874248289820E+001                  2.1320952500745869E-002                  9.9997456325758927E-001                  5.7454984956944974E+000                  5.7517197201201720E+000                 -1.1389405722306121E+001                  1.7495343740162443E+000                  3.3477094060492631E+000                 -5.6381325593027320E-001                 -1.6705127727329219E+000 
                 7.9351786782644469E+000                  3.6572323568239310E-012                  2.1327930734564592E-002                  3.6405931501221739E-005                  5.4694442467617222E+001                  2.1293202047701267E-002                  9.9997269698195790E-001                  5.7202260248287198E+000                  5.7270323352614341E+000                 -1.1436847446530761E+001                  1.7379431957735949E+000                  3.3412434253181034E+000                 -5.6232359651811048E-001                 -1.6710512783599436E+000 
                 7.9765138180694111E+000                  3.2702229678481935E-012                  2.1301984015037145E-002                  3.6405931501221739E-005                  5.3218635617655544E+001                  2.1266446078093984E-002                  9.9997142230212532E-001                  5.6949311002159204E+000                  5.7025097893212475E+000                 -1.1485422635595091E+001                  1.7260637320998256E+000                  3.3347454105946439E+000                 -5.6084447540307969E-001                 -1.6715799455445695E+000 
                 8.0190982840051355E+000                  2.9428042631495302E-012                  2.1276815089744334E-002                  3.6405931501221739E-005                  5.1864053559778348E+001                  2.1240090809123809E-002                  9.9996946453825963E-001                  5.6698806216342943E+000                  5.6783107772425359E+000                 -1.1531238623480096E+001                  1.7148664527174455E+000                  3.3282961233207891E+000                 -5.5939558176192594E-001                 -1.6720933807223126E+000 
                 8.0635174940677121E+000                  2.6693896654361862E-012                  2.1251827116721862E-002                  3.6405931501221739E-005                  5.0644732245868262E+001                  2.1213587126856299E-002                  9.9996672636190498E-001                  5.6447871740430138E+000                  5.6539626622164842E+000                 -1.1573588025239678E+001                  1.7045342747797367E+000                  3.3218264819611614E+000                 -5.5796058915354219E-001                 -1.6726037257266850E+000 
                 8.1099472606445122E+000                  2.4827039320698470E-012                  2.1225972257723127E-002                  3.6405931501221739E-005                  4.9765326744819149E+001                  2.1187937261796384E-002                  9.9996672636190498E-001                  5.6191685785210526E+000                  5.6284000026562149E+000                 -1.1605075067934276E+001                  1.6969268551064576E+000                  3.3152037834680166E+000                 -5.5650514140602891E-001                 -1.6731324077274263E+000 
                 8.1581018531916669E+000                  2.3252849987538553E-012                  2.1199069762077347E-002                  3.6405931501221739E-005                  4.8988040543298446E+001                  2.1161249790909224E-002                  9.9996672636190498E-001                  5.5927248802345657E+000                  5.6013364912391754E+000                 -1.1633523810171578E+001                  1.6900900636638649E+000                  3.3083527878625962E+000                 -5.5501602368594583E-001                 -1.6736831959608924E+000 
                 8.2063312329492302E+000                  2.1688453984234860E-012                  2.1172220887540269E-002                  3.6405931501221739E-005                  4.8172963526866802E+001                  2.1133496965447064E-002                  9.9996457227814661E-001                  5.5663054173944913E+000                  5.5739254364711517E+000                 -1.1663771404649973E+001                  1.6828033589181992E+000                  3.3014998459013074E+000                 -5.5354540486907200E-001                 -1.6742335837087574E+000 
                 8.2539666433599983E+000                  2.0361289025497191E-012                  2.1145889556992602E-002                  3.6405931501221739E-005                  4.7447983598387090E+001                  2.1106302394521357E-002                  9.9996234802996642E-001                  5.5401664846231835E+000                  5.5463663042701459E+000                 -1.1691194731298944E+001                  1.6762177556029616E+000                  3.2946972368991934E+000                 -5.5210270840773312E-001                 -1.6747740404027687E+000 
                 8.3015762041687022E+000                  1.9116302379491285E-012                  2.1119849123718722E-002                  3.6405931501221739E-005                  4.6734219166530828E+001                  2.1079090242941273E-002                  9.9995926208061647E-001                  5.5138861742958607E+000                  5.5186163627512768E+000                 -1.1718596108476317E+001                  1.6696349854303822E+000                  3.2878349408383993E+000                 -5.5066772054641433E-001                 -1.6753091886462961E+000 
                 8.3489168663609163E+000                  1.7965588253115729E-012                  2.1094376703510498E-002                  3.6405931501221739E-005                  4.6042239086934359E+001                  2.1052862203733085E-002                  9.9995685398328316E-001                  5.4875418102615878E+000                  5.4910135238928728E+000                 -1.1745558557980649E+001                  1.6631564300425066E+000                  3.2809480726485698E+000                 -5.4924931247684106E-001                 -1.6758333026227106E+000 
                 8.3961503335290804E+000                  1.6819822733139246E-012                  2.1069562043975126E-002                  3.6405931501221739E-005                  4.5316569239671246E+001                  2.1027343229547552E-002                  9.9995432854508537E-001                  5.4613027338968179E+000                  5.4637193819902121E+000                 -1.1774178585614511E+001                  1.6562570176366160E+000                  3.2740813897402896E+000                 -5.4785508591962462E-001                 -1.6763444916278605E+000 
                 8.4430374426264656E+000                  1.5850695685300869E-012                  2.1045910963542247E-002                  3.6405931501221739E-005                  4.4674288237751114E+001                  2.1002665505231451E-002                  9.9995085182447541E-001                  5.4355607766709504E+000                  5.4370595151293220E+000                 -1.1799951671890586E+001                  1.6500576358798045E+000                  3.2673258916882166E+000                 -5.4650272945822731E-001                 -1.6768322712522750E+000 
                 8.4909285025436958E+000                  1.4937101473869481E-012                  2.1022732634318010E-002                  3.6405931501221739E-005                  4.4040417139515625E+001                  2.0978847123587611E-002                  9.9994813910052871E-001                  5.4093658870611430E+000                  5.4105240016646734E+000                 -1.1825733668653944E+001                  1.6438514175556507E+000                  3.2604297082366838E+000                 -5.4514507575181170E-001                 -1.6773108329856468E+000 
                 8.5399345474701818E+000                  1.4096432912975114E-012                  2.1000038668727239E-002                  3.6405931501221739E-005                  4.3430685542521658E+001                  2.0955675959537547E-002                  9.9994533988065781E-001                  5.3831022163945059E+000                  5.3843023514930541E+000                 -1.1850890771188752E+001                  1.6377966782145612E+000                  3.2534969541241723E+000                 -5.4379943371055040E-001                 -1.6777799055708711E+000 
                 8.5906618193321940E+000                  1.3313780917316547E-012                  2.0977747372662465E-002                  3.6405931501221739E-005                  4.2837621641939087E+001                  2.0933100009012325E-002                  9.9994240477531138E-001                  5.3570520759383990E+000                  5.3582030983309936E+000                 -1.1875698593785378E+001                  1.6318253442512607E+000                  3.2466129982655767E+000                 -5.4248064832668341E-001                 -1.6782411489425837E+000 
                 8.6435305797853239E+000                  1.2524515181994221E-012                  2.0956215003544370E-002                  3.6405931501221739E-005                  4.2209794029174283E+001                  2.0911039380656807E-002                  9.9993834899391598E-001                  5.3317866903794258E+000                  5.3328387405799216E+000                 -1.1902239076467486E+001                  1.6254132263541963E+000                  3.2399158865755431E+000                 -5.4121553051698956E-001                 -1.6786871544895088E+000 
                 8.6986797826275151E+000                  1.1879879183254585E-012                  2.0936392052872385E-002                  3.6405931501221739E-005                  4.1675566266055711E+001                  2.0890928125308898E-002                  9.9993517223251283E-001                  5.3076523207051531E+000                  5.3116527589183891E+000                 -1.1925187976047809E+001                  1.6198815030819393E+000                  3.2334998570062266E+000                 -5.4001893874682827E-001                 -1.6790981577351565E+000 
                 8.7590819785116985E+000                  1.1269154365570202E-012                  2.0917183666773295E-002                  3.6405931501221739E-005                  4.1148181984973895E+001                  2.0871451294351782E-002                  9.9993189378230585E-001                  5.2839218008354836E+000                  5.2890916811122342E+000                 -1.1948108672076835E+001                  1.6143506452987177E+000                  3.2271972778077491E+000                 -5.3885615846420587E-001                 -1.6794967901832261E+000 
                 8.8250173375470435E+000                  1.0632395332548725E-012                  2.0898358091009640E-002                  3.6405931501221739E-005                  4.0572439418569083E+001                  2.0852442749330041E-002                  9.9992851130294791E-001                  5.2629268658472652E+000                  5.2682093211949503E+000                 -1.1973368883875661E+001                  1.6082311140110894E+000                  3.2216173183444337E+000                 -5.3783640542253131E-001                 -1.6798878335073824E+000 
                 8.8963760800868936E+000                  1.0007429585778990E-012                  2.0882792898564911E-002                  3.6405931501221739E-005                  3.9977512679937902E+001                  2.0836433146185704E-002                  9.9992378348495170E-001                  5.2481633613227379E+000                  5.2534329887589148E+000                 -1.1999677456992551E+001                  1.6018157632469396E+000                  3.2176828077471527E+000                 -5.3712359549498201E-001                 -1.6802114185375276E+000 
                 8.9797538956943104E+000                  9.5718500880427318E-013                  2.0873198129634393E-002                  3.6405931501221739E-005                  3.9544300617319166E+001                  2.0826213516790277E-002                  9.9991882758996842E-001                  5.2399834843105744E+000                  5.2452362487278190E+000                 -1.2019004111818488E+001                  1.5970838925323687E+000                  3.2154983826806016E+000                 -5.3673036396131313E-001                 -1.6804110045213538E+000 
                 9.0771985283600021E+000                  9.3915659480463515E-013                  2.0869318951413900E-002                  3.6405931501221739E-005                  3.9360425941722632E+001                  2.0821980439596557E-002                  9.9991623025657905E-001                  5.2368076921783260E+000                  5.2420417756275128E+000                 -1.2027261987510895E+001                  1.5950597830753008E+000                  3.2146495103957049E+000                 -5.3657802998714577E-001                 -1.6804917234534229E+000 
                 9.1875920036028749E+000                  9.3412650919364841E-013                  2.0867978979045847E-002                  3.6405931501221739E-005                  3.9308878522625584E+001                  2.0820709160962462E-002                  9.9991623025657905E-001                  5.2356811239992584E+000                  5.2409060768222586E+000                 -1.2029594303080273E+001                  1.5944906471700306E+000                  3.2143483013218490E+000                 -5.3652403497612089E-001                 -1.6805196094275709E+000 
                 9.3092228876630578E+000                  9.3291721775278554E-013                  2.0867656523531813E-002                  3.6405931501221739E-005                  3.9296453934570778E+001                  2.0820403256198248E-002                  9.9991623025657905E-001                  5.2354108680044611E+000                  5.2406322729347750E+000                 -1.2030156891589201E+001                  1.5943533554643401E+000                  3.2142760375159543E+000                 -5.3651108522528079E-001                 -1.6805263202706535E+000 
                 9.4401169052728644E+000                  9.3273209937060745E-013                  2.0867607072937024E-002                  3.6405931501221739E-005                  3.9294550953338131E+001                  2.0820356340549181E-002                  9.9991623025657905E-001                  5.2353695360578465E+000                  5.2405902014231609E+000                 -1.2030243077016873E+001                  1.5943323236871463E+000                  3.2142649856132408E+000                 -5.3650910477561908E-001                 -1.6805273494301027E+000 
                 9.5783275134051120E+000                  9.3271496630415316E-013                  2.0867602567221508E-002                  3.6405931501221739E-005                  3.9294374746941209E+001                  2.0820352069355553E-002                  9.9991623025657905E-001                  5.2353656886719966E+000                  5.2405862827296215E+000                 -1.2030251054510694E+001                  1.5943303761999390E+000                  3.2142639568030620E+000                 -5.3650892049271670E-001                 -1.6805274432025985E+000 
                 9.6989700043360187E+000                  9.3271405858273202E-013                  2.0867602330765293E-002                  3.6405931501221739E-005                  3.9294365409209746E+001                  2.0820351845320856E-002                  9.9991623025657905E-001                  5.2353654839497574E+000                  5.2405860742062380E+000                 -1.2030251477167788E+001                  1.5943302729962177E+000                  3.2142639020580877E+000                 -5.3650891068886131E-001                 -1.6805274481237018E+000 
