                           1                            2                            3                            4                            5 
              version_number                 initial_mass                    initial_z                    burn_min1                    burn_min2 
                       10398      1.0000000000000000E+000      2.0000000000000000E-002      5.0000000000000000E+001      1.0000000000000000E+003 

                                       1                                        2                                        3                                        4                                        5                                        6                                        7                                        8                                        9                                       10                                       11                                       12                                       13                                       14 
                            log_star_age                               luminosity                                   radius                                star_mass                 surface_cell_temperature                           conv_mx1_top_r                             conv_mx1_top                           center_entropy                              max_entropy                                    log_L                                 log_Teff                             log_center_T                           log_center_Rho                                    log_R 
                 3.4824821612270549E+000                  8.1126088143780987E-009                  3.9495799046820004E-002                  9.1014828753054348E-006                  2.7583165155630081E+002                  1.6702336493410103E-002                  5.4079841821419883E-001                  8.3240716647067075E+000                  8.3284816290689871E+000                 -8.0908394649629720E+000                  2.4406440997142362E+000                  3.7631060590335110E+000                 -1.3191398951312607E+000                 -1.4034490954573324E+000 
                 3.4900874348440625E+000                  9.7194390681452649E-009                  4.1241061663186647E-002                  9.1014828753054348E-006                  2.8240657274530957E+002                  4.0387158543571389E-002                  9.9973573384755121E-001                  8.3803346136160926E+000                  8.3815554216164259E+000                 -8.0123587985139242E+000                  2.4508748002274845E+000                  3.7690055973722316E+000                 -1.3347067010142866E+000                 -1.3846701632593050E+000 
                 3.4948858334418853E+000                  1.0902165698702588E-008                  4.2438432498972910E-002                  9.1014828753054348E-006                  2.8650218975614604E+002                  4.1485937250276959E-002                  9.9969884297726797E-001                  8.4160277672200632E+000                  8.4161324054709894E+000                 -7.9624872215483391E+000                  2.4571279456017971E+000                  3.7726489253029651E+000                 -1.3447937662006055E+000                 -1.3722406655251378E+000 
                 3.4980489535398478E+000                  1.1765521947588411E-008                  4.3271859465759004E-002                  9.1014828753054348E-006                  2.8918744807951782E+002                  4.2282879525694143E-002                  9.9968629627577266E-001                  8.4396484678814883E+000                  8.4398044249775257E+000                 -7.9293888016856311E+000                  2.4611794388169699E+000                  3.7750169377073308E+000                 -1.3515609806738731E+000                 -1.3637944420241286E+000 
                 3.5007053351838340E+000                  1.2546412662551030E-008                  4.3999968092745118E-002                  9.1014828753054348E-006                  2.9142924383183419E+002                  4.2975505279984713E-002                  9.9967374957427724E-001                  8.4595365288923592E+000                  8.4597415588223317E+000                 -7.9014804322361574E+000                  2.4645331293917914E+000                  3.7769837005756708E+000                 -1.3573157922380361E+000                 -1.3565476384490340E+000 
                 3.5032006225088952E+000                  1.3330345302725125E-008                  4.4708290955428262E-002                  9.1014828753054348E-006                  2.9352543058175257E+002                  4.3618992645390521E-002                  9.9964865617128640E-001                  8.4782585865729061E+000                  8.4785120473961797E+000                 -7.8751586006892307E+000                  2.4676457337553406E+000                  3.7788121153936332E+000                 -1.3627810919862002E+000                 -1.3496119314026700E+000 
                 3.5056154011133631E+000                  1.4139158814557917E-008                  4.5417290803554923E-002                  9.1014828753054348E-006                  2.9554573686293747E+002                  4.4293266514418159E-002                  9.9963610946979098E-001                  8.4964132647665398E+000                  8.4967167529426497E+000                 -7.8495764273893771E+000                  2.4706246991469114E+000                  3.7805633137039001E+000                 -1.3681256236645811E+000                 -1.3427787755358844E+000 
                 3.5079704285504385E+000                  1.4979072625049863E-008                  4.6132058379742116E-002                  9.1014828753054348E-006                  2.9750840073872132E+002                  4.4973599610632575E-002                  9.9962356276829556E-001                  8.5141517314292496E+000                  8.5146699630611327E+000                 -7.8245150735718498E+000                  2.4734992333570971E+000                  3.7822532799227013E+000                 -1.3733910695007578E+000                 -1.3359971670474926E+000 
                 3.5102716485927030E+000                  1.5852553286079743E-008                  4.6853742030676888E-002                  9.1014828753054348E-006                  2.9942088016311658E+002                  4.5661177784380780E-002                  9.9961101606680014E-001                  8.5315144031369261E+000                  8.5323439422223206E+000                 -7.7999007783200573E+000                  2.4762820826152399E+000                  3.7838870722689228E+000                 -1.3785876678817885E+000                 -1.3292557179378817E+000 
                 3.5125223038131232E+000                  1.6760977093105484E-008                  4.7582727563019185E-002                  9.1014828753054348E-006                  3.0128643926656548E+002                  4.6356421581387426E-002                  9.9959846936530472E-001                  8.5485218002933365E+000                  8.5496635948850077E+000                 -7.7757006674614102E+000                  2.4789795847211771E+000                  3.7854677695987138E+000                 -1.3837198691894814E+000                 -1.3225506667204323E+000 
                 3.5147262785610334E+000                  1.7705634944290384E-008                  4.8319716602949273E-002                  9.1014828753054348E-006                  3.0310639929440146E+002                  4.7060083047090910E-002                  9.9958592266380941E-001                  8.5652017042702191E+000                  8.5666576028328354E+000                 -7.7518884943304860E+000                  2.4815951054105838E+000                  3.7869990300494174E+000                 -1.3887944246504158E+000                 -1.3158756215337839E+000 
                 3.5168860878035484E+000                  1.8687597602391759E-008                  4.9065097428589860E-002                  9.1014828753054348E-006                  3.0488176781315252E+002                  4.7772562347648970E-002                  9.9957337596231399E-001                  8.5815728475010413E+000                  8.5833452070695504E+000                 -7.7284465260735971E+000                  2.4841314539277635E+000                  3.7884836073856092E+000                 -1.3938155787158630E+000                 -1.3092273344396990E+000 
                 3.5190011067894300E+000                  1.9706288329912901E-008                  4.9818104958804718E-002                  9.1014828753054348E-006                  3.0661050102863533E+002                  4.8464102911731734E-002                  9.9954828255932315E-001                  8.5976283142407777E+000                  8.5997161812288159E+000                 -7.7053951671783789E+000                  2.4865870247831721E+000                  3.7899219112351883E+000                 -1.3987796362703642E+000                 -1.3026127967029071E+000 
                 3.5210725036845196E+000                  2.0761724822638381E-008                  5.0578472967726294E-002                  9.1014828753054348E-006                  3.0829211648140324E+002                  4.9192465257744324E-002                  9.9953573585782785E-001                  8.6133729114699094E+000                  8.6157750507284288E+000                 -7.6827365694248542E+000                  2.4889624192348396E+000                  3.7913153590170743E+000                 -1.4036862121697042E+000                 -1.2960342867294794E+000 
                 3.5231043626578131E+000                  2.1857122386796481E-008                  5.1347676049796585E-002                  9.1014828753054348E-006                  3.0993260602010918E+002                  4.9930059658964673E-002                  9.9952318915633243E-001                  8.6288436927579752E+000                  8.6315578517267646E+000                 -7.6604070159361246E+000                  2.4912672679444627E+000                  3.7926679955537472E+000                 -1.4085452761135249E+000                 -1.2894792074043611E+000 
                 3.5250984401215177E+000                  2.2992089104446687E-008                  5.2125623421479805E-002                  9.1014828753054348E-006                  3.1152893875521818E+002                  5.0669972553743683E-002                  9.9950765567135047E-001                  8.6440455811571386E+000                  8.6470706198987539E+000                 -7.6384215661246664E+000                  2.4934983956117747E+000                  3.7939809472133317E+000                 -1.4133566015270564E+000                 -1.2829487378332556E+000 
                 3.5270552794538550E+000                  2.4168774889371390E-008                  5.2912595059807936E-002                  9.1014828753054348E-006                  3.1308592682157285E+002                  5.1401680833766401E-002                  9.9948435544387748E-001                  8.6589891347198495E+000                  8.6623228274986452E+000                 -7.6167453633395761E+000                  2.4956635465354515E+000                  3.7952557311745339E+000                 -1.4181218111129028E+000                 -1.2764409382880639E+000 
                 3.5289745258210981E+000                  2.5384373255287257E-008                  5.3707634843601061E-002                  9.1014828753054348E-006                  3.1459586916261162E+002                  5.2142098433218903E-002                  9.9946105521640449E-001                  8.6736637194298325E+000                  8.6773068177831565E+000                 -7.5954335549353855E+000                  2.4977530157417842E+000                  3.7964920518120269E+000                 -1.4228356190465647E+000                 -1.2699639724986338E+000 
                 3.5308578512700932E+000                  2.6638335227147761E-008                  5.4511097728825161E-002                  9.1014828753054348E-006                  3.1605577072800668E+002                  5.2943892380510317E-002                  9.9946105521640449E-001                  8.6880830993793836E+000                  8.6922051482159421E+000                 -7.5744929200518492E+000                  2.4997637243067201E+000                  3.7976916290629648E+000                 -1.4275006865894520E+000                 -1.2635150721867379E+000 
                 3.5327062815621950E+000                  2.7934993805473176E-008                  5.5323226346515056E-002                  9.1014828753054348E-006                  3.1747739884988329E+002                  5.3719665790306459E-002                  9.9944552173142243E-001                  8.7022587299940497E+000                  8.7068526148450331E+000                 -7.5538514206077041E+000                  2.5017128133677700E+000                  3.7988559959432897E+000                 -1.4321188507969531E+000                 -1.2570925005867657E+000 
                 3.5345220996583206E+000                  2.9273664243064674E-008                  5.6144556184430157E-002                  9.1014828753054348E-006                  3.1885619814411774E+002                  5.4505053314588346E-002                  9.9942998824644047E-001                  8.7162052979683047E+000                  8.7212613534279804E+000                 -7.5335229126552994E+000                  2.5035948634919509E+000                  3.7999868072240148E+000                 -1.4366935694289649E+000                 -1.2506923468589248E+000 
                 3.5363055423763914E+000                  3.0653841383270818E-008                  5.6974626410295381E-002                  9.1014828753054348E-006                  3.2019157590331656E+002                  5.5264902860586079E-002                  9.9939892127647634E-001                  8.7299221789184820E+000                  8.7354263299015038E+000                 -7.5135150941627886E+000                  2.5054099016161815E+000                  3.8010845774421531E+000                 -1.4412230579604355E+000                 -1.2443185138611303E+000 
                 3.5380564453334911E+000                  3.2074841569924742E-008                  5.7812912536623455E-002                  9.1014828753054348E-006                  3.2148308236931473E+002                  5.6068151653422570E-002                  9.9938338779149427E-001                  8.7434061752907564E+000                  8.7493417976011010E+000                 -7.4938354800965215E+000                  2.5071581236536891E+000                  3.8021496589376116E+000                 -1.4457052401092862E+000                 -1.2379751509030124E+000 
                 3.5397763697861575E+000                  3.3536963649071794E-008                  5.8659001203763966E-002                  9.1014828753054348E-006                  3.2273273716160702E+002                  5.6879597723848423E-002                  9.9936785430651220E-001                  8.7566563903773247E+000                  8.7630052055024663E+000                 -7.4744762598618930E+000                  2.5088430213080479E+000                  3.8031826975341652E+000                 -1.4501390987607110E+000                 -1.2316653360944161E+000 
                 3.5414684227121311E+000                  3.5046750153090421E-008                  5.9515290095735009E-002                  9.1014828753054348E-006                  3.2394932470511304E+002                  5.7667473770848215E-002                  9.9933678733654818E-001                  8.7697136660436055E+000                  8.7764579386424320E+000                 -7.4553522474838037E+000                  2.5104770789437092E+000                  3.8041874930783202E+000                 -1.4545378306950072E+000                 -1.2253714451766933E+000 
                 3.5431333867562866E+000                  3.6596016144492390E-008                  6.0381321539174151E-002                  9.1014828753054348E-006                  3.2511466810289517E+002                  5.8533860670410505E-002                  9.9933678733654829E-001                  8.7825738411932424E+000                  8.7896988798984150E+000                 -7.4365661894862862E+000                  2.5120365638539472E+000                  3.8051642197813638E+000                 -1.4588997734218145E+000                 -1.2190973859984102E+000 
                 3.5447707072229835E+000                  3.8190617396509180E-008                  6.1256079732010915E-002                  9.1014828753054348E-006                  3.2624509311029129E+002                  5.9341229834324313E-002                  9.9930572036658416E-001                  8.7952246366075837E+000                  8.8027447879099530E+000                 -7.4180433206858662E+000                  2.5135439883689825E+000                  3.8061125407292420E+000                 -1.4632199644213626E+000                 -1.2128508006282710E+000 
                 3.5463809047278194E+000                  3.9832153347580746E-008                  6.2140244917082449E-002                  9.1014828753054348E-006                  3.2734173822182117E+002                  6.0192471693661674E-002                  9.9929018688160209E-001                  8.8076790085549614E+000                  8.8155490453752900E+000                 -7.3997662147633267E+000                  2.5150013842188437E+000                  3.8070339293052693E+000                 -1.4675021999617406E+000                 -1.2066270393667247E+000 
                 3.5479639945785797E+000                  4.1519222543689737E-008                  6.3032992242597827E-002                  9.1014828753054348E-006                  3.2840348667274571E+002                  6.0987653784948317E-002                  9.9924448335223759E-001                  8.8199289333132889E+000                  8.8281886007986952E+000                 -7.3817507873403949E+000                  2.5164077593752605E+000                  3.8079282890498094E+000                 -1.4717429203633958E+000                 -1.2004320759680926E+000 
                 3.5495210563817561E+000                  4.3246974193710766E-008                  6.3934022903648205E-002                  9.1014828753054348E-006                  3.2942179847064972E+002                  6.1890116129416667E-002                  9.9924448335223759E-001                  8.8319771671877092E+000                  8.8406184327052610E+000                 -7.3640442728683997E+000                  2.5177523338638630E+000                  3.8087963566170830E+000                 -1.4759419783504133E+000                 -1.1942679677092991E+000 
                 3.5510550243960655E+000                  4.5022700330945284E-008                  6.4844873077079090E-002                  9.1014828753054348E-006                  3.3040718339934631E+002                  6.2738105526912863E-002                  9.9921431330785504E-001                  8.8438469764986110E+000                  8.8528632656284092E+000                 -7.3465684608312909E+000                  2.5190494807525705E+000                  3.8096401970928850E+000                 -1.4801067515420350E+000                 -1.1881243554681598E+000 
                 3.5525673490673504E+000                  4.6852324966545583E-008                  6.5766546462057013E-002                  9.1014828753054348E-006                  3.3136732857603369E+002                  6.3629699278063279E-002                  9.9919922828566377E-001                  8.8555548678848659E+000                  8.8649394243996369E+000                 -7.3292688531201060E+000                  2.5203096865698833E+000                  3.8104613875898594E+000                 -1.4842420457075545E+000                 -1.1819949632471931E+000 
                 3.5540568229763267E+000                  4.8726984482449901E-008                  6.6697680587448960E-002                  9.1014828753054348E-006                  3.3228936080266908E+002                  6.4499253016348401E-002                  9.9916905824128122E-001                  8.8670902901212756E+000                  8.8768345885766937E+000                 -7.3122304645299483E+000                  2.5215164363018676E+000                  3.8112596075810394E+000                 -1.4883429813214324E+000                 -1.1758892684160829E+000 
                 3.5555240249373909E+000                  5.0654676953732776E-008                  6.7637905051835881E-002                  9.1014828753054348E-006                  3.3318790815408335E+002                  6.5346996947392363E-002                  9.9912380317470739E-001                  8.8784513461556820E+000                  8.8885471878307403E+000                 -7.2953804499793957E+000                  2.5226892318638030E+000                  3.8120350894011352E+000                 -1.4924079002540107E+000                 -1.1698098522646772E+000 
                 3.5569695835530264E+000                  5.2625962061215857E-008                  6.8585805242320511E-002                  9.1014828753054348E-006                  3.3405064093737110E+002                  6.6297960860354999E-002                  9.9912380317470750E-001                  8.8896300647333533E+000                  8.9000664032861572E+000                 -7.2787999516967368E+000                  2.5238123093497924E+000                  3.8127877650774282E+000                 -1.4964325028159775E+000                 -1.1637657580953267E+000 
                 3.5583971293149341E+000                  5.4653414097354446E-008                  6.9545814885246637E-002                  9.1014828753054348E-006                  3.3488696402190078E+002                  6.7198422715484527E-002                  9.9909363313032495E-001                  8.9006797209221435E+000                  8.9114477046159202E+000                 -7.2623827032965425E+000                  2.5248982422901305E+000                  3.8135214391742127E+000                 -1.5004353961046923E+000                 -1.1577289997759057E+000 
                 3.5598050654483080E+000                  5.6733784327480422E-008                  7.0515755507021549E-002                  9.1014828753054348E-006                  3.3569647035698932E+002                  6.8109569629163619E-002                  9.9906346308594240E-001                  8.9115812219311543E+000                  8.9226685047926839E+000                 -7.2461582466181387E+000                  2.5259467749180611E+000                  3.8142352372505841E+000                 -1.5044083698964643E+000                 -1.1517138366925648E+000 
                 3.5611936785364002E+000                  5.8863173409633651E-008                  7.1493890451705372E-002                  9.1014828753054348E-006                  3.3647737787763901E+002                  6.9029674737254548E-002                  9.9903329304156008E-001                  8.9223189642182188E+000                  8.9337160719881084E+000                 -7.2301563280817742E+000                  2.5269558709450459E+000                  3.8149284846527376E+000                 -1.5083449413401941E+000                 -1.1457310694783525E+000 
                 3.5625661475716210E+000                  6.1051346727344578E-008                  7.2483205134691711E-002                  9.1014828753054348E-006                  3.3723647082918262E+002                  6.9958513905354791E-002                  9.9900156525997463E-001                  8.9329266983036497E+000                  8.9446506271332211E+000                 -7.2143047515421372E+000                  2.5279345357607186E+000                  3.8156036336321137E+000                 -1.5122570644769315E+000                 -1.1397626108398786E+000 
                 3.5639225834743851E+000                  6.3295744709111576E-008                  7.3484010556638307E-002                  9.1014828753054348E-006                  3.3796880900714302E+002                  7.0892147453736357E-002                  9.9896612211708924E-001                  8.9434098233781132E+000                  8.9554709727734974E+000                 -7.1986254860564411E+000                  2.5288766212684384E+000                  3.8162612834400091E+000                 -1.5161463442571244E+000                 -1.1338071491124704E+000 
                 3.5652620967154891E+000                  6.5599732433740240E-008                  7.4494939667122395E-002                  9.1014828753054348E-006                  3.3868155793338707E+002                  7.1836763499289302E-002                  9.9893067897420407E-001                  8.9537563098317658E+000                  8.9661592574811007E+000                 -7.1830979320082893E+000                  2.5297915488453029E+000                  3.8169010213500072E+000                 -1.5200076437751735E+000                 -1.1278732272421241E+000 
                 3.5665850844859266E+000                  6.7960867190697520E-008                  7.5515636898126681E-002                  9.1014828753054348E-006                  3.3937176054641662E+002                  7.2785838326839949E-002                  9.9889213367398400E-001                  8.9639642997295823E+000                  8.9767048533674902E+000                 -7.1677410881059371E+000                  2.5306757014089474E+000                  3.8175230020872761E+000                 -1.5238399213360740E+000                 -1.1219631104182359E+000 
                 3.5678908047492066E+000                  7.0374533129140503E-008                  7.6545156687783555E-002                  9.1014828753054348E-006                  3.4003564218115895E+002                  7.3761493390441094E-002                  9.9886203840469734E-001                  8.9740297738004173E+000                  8.9871011081369669E+000                 -7.1525844732789361E+000                  2.5315244417121976E+000                  3.8181273917643654E+000                 -1.5276407934548881E+000                 -1.1160822836112363E+000 
                 3.5691800736652524E+000                  7.2847348335676201E-008                  7.7583976815948252E-002                  9.1014828753054348E-006                  3.4068015544069476E+002                  7.4750053871451519E-002                  9.9883340552841027E-001                  8.9839548103517188E+000                  8.9973503570901006E+000                 -7.1375862520496911E+000                  2.5323468367172364E+000                  3.8187144373920177E+000                 -1.5314112858539703E+000                 -1.1102279630066911E+000 
                 3.5704535349760582E+000                  7.5377339855231842E-008                  7.8631963540203353E-002                  9.1014828753054348E-006                  3.4130296376002974E+002                  7.5719416301131728E-002                  9.9878997279798143E-001                  8.9937436571874834E+000                  9.0074522263530721E+000                 -7.1227591933202055E+000                  2.5331400595524598E+000                  3.8192848083759383E+000                 -1.5351520905065295E+000                 -1.1044008793123961E+000 
                 3.5717130935101244E+000                  7.7973633180717973E-008                  7.9690514148681446E-002                  9.1014828753054348E-006                  3.4191097897216588E+002                  7.6682293776768690E-002                  9.9873723833323536E-001                  9.0034100186265089E+000                  9.0174171264885032E+000                 -7.1080522293604895E+000                  2.5339130464746007E+000                  3.8198395471149698E+000                 -1.5388681484721403E+000                 -1.0985933711768197E+000 
