                           1                            2                            3                            4                            5 
              version_number                 initial_mass                    initial_z                    burn_min1                    burn_min2 
                       10398      1.5169138125509057E-005      2.0000000000000000E-002      5.0000000000000000E+001      1.0000000000000000E+003 

                                       1                                        2                                        3                                        4                                        5                                        6                                        7                                        8                                        9                                       10                                       11                                       12                                       13                                       14 
                            log_star_age                               luminosity                                   radius                                star_mass                 surface_cell_temperature                           conv_mx1_top_r                             conv_mx1_top                           center_entropy                              max_entropy                                    log_L                                 log_Teff                             log_center_T                           log_center_Rho                                    log_R 
                 3.3114739744016055E+000                  8.8620672250382080E-009                  3.2554238140580720E-002                  1.5169138125509057E-005                  3.1060569225183883E+002                  3.2163687407583769E-002                  9.9992838271455053E-001                  8.2869646076305479E+000                  8.2981105015722409E+000                 -8.0524649598615703E+000                  2.4922094102074124E+000                  3.8155784079526565E+000                 -1.1050422079495661E+000                 -1.4873924638929836E+000 
                 3.3260853391317440E+000                  8.8453484920407335E-009                  3.2544553537092860E-002                  1.5169138125509057E-005                  3.1050528495745584E+002                  3.2154110775368193E-002                  9.9992838271455053E-001                  8.2862674110557197E+000                  8.2975144499060374E+000                 -8.0532850519358501E+000                  2.4920689962203904E+000                  3.8154899779163824E+000                 -1.1049041179378778E+000                 -1.4875216819560793E+000 
                 3.3462979571617955E+000                  8.8213786426924408E-009                  3.2530651176742635E-002                  1.5169138125509057E-005                  3.1036100967683007E+002                  3.2140363756659560E-002                  9.9992838271455053E-001                  8.2853276338743225E+000                  8.2966576893496295E+000                 -8.0544635361692194E+000                  2.4918671557918430E+000                  3.8153720047905040E+000                 -1.1047137364545636E+000                 -1.4877072432156693E+000 
                 3.3738447935458744E+000                  8.7870800841961853E-009                  3.2510722057092538E-002                  1.5169138125509057E-005                  3.1015390749409192E+002                  3.2120658034317413E-002                  9.9992838271455053E-001                  8.2839958241584117E+000                  8.2954272188573430E+000                 -8.0561554154826567E+000                  2.4915772567541783E+000                  3.8152051262253952E+000                 -1.1044427873425564E+000                 -1.4879733847970584E+000 
                 3.4106737165213032E+000                  8.7381375543483597E-009                  3.2482209715889693E-002                  1.5169138125509057E-005                  3.0985703067342655E+002                  3.2092466777115809E-002                  9.9992838271455053E-001                  8.2820899872802585E+000                  8.2936620600214059E+000                 -8.0585811229791329E+000                  2.4911613544941535E+000                  3.8149662620632530E+000                 -1.1040550624499035E+000                 -1.4883544340252477E+000 
                 3.4587580083635467E+000                  8.6685730647676109E-009                  3.2441531452842044E-002                  1.5169138125509057E-005                  3.0943230199570365E+002                  3.2052249630811123E-002                  9.9992838271455053E-001                  8.2793641884683602E+000                  8.2911339700437576E+000                 -8.0620523859263216E+000                  2.4905656479606888E+000                  3.8146243806233238E+000                 -1.1035009781491170E+000                 -1.4888986524319119E+000 
                 3.4771212547196622E+000                  8.6401950718889395E-009                  3.2424885346819129E-002                  1.5169138125509057E-005                  3.0925809823176417E+002                  3.2035793256919694E-002                  9.9992838271455053E-001                  8.2782463459403264E+000                  8.2900961010958802E+000                 -8.0634764522330755E+000                  2.4903210806131435E+000                  3.8144840888800493E+000                 -1.1032739121798512E+000                 -1.4891215508901989E+000 
