                           1                            2                            3                            4                            5 
              version_number                 initial_mass                    initial_z                    burn_min1                    burn_min2 
                       10398      1.0000000000000000E+000      2.0000000000000000E-002      5.0000000000000000E+001      1.0000000000000000E+003 

                                       1                                        2                                        3                                        4                                        5                                        6                                        7                                        8                                        9                                       10                                       11                                       12                                       13                                       14 
                            log_star_age                               luminosity                                   radius                                star_mass                 surface_cell_temperature                           conv_mx1_top_r                             conv_mx1_top                           center_entropy                              max_entropy                                    log_L                                 log_Teff                             log_center_T                           log_center_Rho                                    log_R 
                 1.7436792602782334E+000                  5.9743559429367722E-008                  5.0433295071123423E-002                  1.5169138125509057E-005                  4.0210874651872109E+002                  4.9846319276282219E-002                  9.9991308929773837E-001                  9.0035561935806250E+000                  9.0153005259286587E+000                 -7.2237089063639157E+000                  2.6043435197265294E+000                  3.8941521815668501E+000                 -1.2727315305321800E+000                 -1.2972826561823896E+000 
                 2.1310690866169626E+000                  5.9099601129985777E-008                  5.0259564021727585E-002                  1.5169138125509057E-005                  4.0171328761737402E+002                  4.9673355296791136E-002                  9.9991308929773837E-001                  8.9992620372876573E+000                  9.0108557880745490E+000                 -7.2284154502123270E+000                  2.6039161971878020E+000                  3.8937529885040494E+000                 -1.2715816252718120E+000                 -1.2987812830291405E+000 
                 2.3982023290895240E+000                  5.8196818654846290E-008                  5.0014877628346908E-002                  1.5169138125509057E-005                  4.0114799345606252E+002                  4.9429770462439619E-002                  9.9991308929773837E-001                  8.9931612408791022E+000                  9.0045428322755665E+000                 -7.2351007555289506E+000                  2.6033046240680511E+000                  3.8931842113592934E+000                 -1.2699512984880095E+000                 -1.3009007894479512E+000 
                 2.6187164341345812E+000                  5.6944812532031292E-008                  4.9673380331748632E-002                  1.5169138125509057E-005                  4.0034195233381251E+002                  4.9089854863952460E-002                  9.9991308929773837E-001                  8.9845420057046272E+000                  8.9956271970681438E+000                 -7.2445458324510046E+000                  2.6024311024888847E+000                  3.8923773776767439E+000                 -1.2676546616281714E+000                 -1.3038762847506449E+000 
                 2.8155392195868747E+000                  5.5235210733064610E-008                  4.9202709488276618E-002                  1.5169138125509057E-005                  3.9919851088526190E+002                  4.8621439560252951E-002                  9.9991308929773837E-001                  8.9724582399019006E+000                  8.9831336682461931E+000                 -7.2577839847344769E+000                  2.6011889124943077E+000                  3.8912398283397316E+000                 -1.2644479748689124E+000                 -1.3080109809032268E+000 
                 2.9970269100259159E+000                  5.2972378690594718E-008                  4.8571818414622513E-002                  1.5169138125509057E-005                  3.9760295709882445E+002                  4.7993714884692958E-002                  9.9991308929773837E-001                  8.9558796068613322E+000                  8.9660010996210104E+000                 -7.2759505249121492E+000                  2.5994496056276892E+000                  3.8896670397984785E+000                 -1.2600730643354912E+000                 -1.3136156372588266E+000 
                 3.1489947707680712E+000                  5.0444067111405879E-008                  4.7852983369078450E-002                  1.5169138125509057E-005                  3.9571037097123610E+002                  4.7308567034923317E-002                  9.9991841828263328E-001                  8.9364336591237770E+000                  8.9459159414669660E+000                 -7.2971899051910851E+000                  2.5973774325195635E+000                  3.8878045242695354E+000                 -1.2549772969518744E+000                 -1.3200909811820432E+000 
                 3.2716778909983404E+000                  4.7911867725376464E-008                  4.7119260498792406E-002                  1.5169138125509057E-005                  3.9367783226199521E+002                  4.6578530678815032E-002                  9.9991841828263328E-001                  8.9159453093849024E+000                  8.9247608303620485E+000                 -7.3195568989182203E+000                  2.5951409605424436E+000                  3.8858215414715773E+000                 -1.2496500793972480E+000                 -1.3268015340913706E+000 
                 3.3740689966588437E+000                  4.5445207503536944E-008                  4.6389193768486700E-002                  1.5169138125509057E-005                  3.9155522953015196E+002                  4.5867118365804656E-002                  9.9992108277508074E-001                  8.8948852978224657E+000                  8.9030174586821449E+000                 -7.3425119092409323E+000                  2.5927930285836247E+000                  3.8837615023850063E+000                 -1.2442180469090367E+000                 -1.3335831753350889E+000 
                 3.4625188990424856E+000                  4.3050946838271677E-008                  4.5667192204451160E-002                  1.5169138125509057E-005                  3.8933454536465473E+002                  4.5148933336292357E-002                  9.9992108277508074E-001                  8.8733597672824427E+000                  8.8807946263480488E+000                 -7.3660172924771157E+000                  2.5903229399450867E+000                  3.8816334056179493E+000                 -1.2387116103519480E+000                 -1.3403956896761049E+000 
                 3.5409989110821023E+000                  4.0733110435986519E-008                  4.4954723433675452E-002                  1.5169138125509057E-005                  3.8701575666699176E+002                  4.4440415816659626E-002                  9.9992108277508074E-001                  8.8513919317155167E+000                  8.8581202596445916E+000                 -7.3900524253275117E+000                  2.5877286468029941E+000                  3.8794383597394355E+000                 -1.2331395324228045E+000                 -1.3472246698171169E+000 
                 3.6120695898579616E+000                  3.8496307033613832E-008                  4.4252422191636512E-002                  1.5169138125509057E-005                  3.8460565198575483E+002                  4.3742154781262914E-002                  9.9992108277508074E-001                  8.8289815738917952E+000                  8.8350006804860755E+000                 -7.4145809305395298E+000                  2.5850156620217200E+000                  3.8771751675281831E+000                 -1.2275044947739817E+000                 -1.3540629528605779E+000 
                 3.6774609784901240E+000                  3.6340527455405940E-008                  4.3560477549559828E-002                  1.5169138125509057E-005                  3.8210340592878509E+002                  4.3081057219329311E-002                  9.9992606499103931E-001                  8.8061201966479850E+000                  8.8114283676757097E+000                 -7.4396087735246859E+000                  2.5821809087247396E+000                  3.8748417167374107E+000                 -1.2218069777320604E+000                 -1.3609073677591959E+000 
                 3.7383713957895885E+000                  3.4259959844373258E-008                  4.2879186951463678E-002                  1.5169138125509057E-005                  3.7949220511459055E+002                  4.2403604564863348E-002                  9.9992606499103942E-001                  8.7828108719276372E+000                  8.7874021904025259E+000                 -7.4652131504007864E+000                  2.5792028596559673E+000                  3.8724370590392141E+000                 -1.2160502446584533E+000                 -1.3677534580597004E+000 
                 3.7956575022256693E+000                  3.2253924042425102E-008                  4.2209005651372811E-002                  1.5169138125509057E-005                  3.7676668796501127E+002                  4.1737326024958249E-002                  9.9992606499103942E-001                  8.7590661064280599E+000                  8.7629241841104655E+000                 -7.4914174411434074E+000                  2.5760724973004576E+000                  3.8699612732891402E+000                 -1.2102397730849968E+000                 -1.3745948787199918E+000 
                 3.8499833643034909E+000                  3.0321789162762960E-008                  4.1550180653853526E-002                  1.5169138125509057E-005                  3.7392255801929497E+002                  4.1082444778829837E-002                  9.9992606499103942E-001                  8.7348841548131357E+000                  8.7379885432690028E+000                 -7.5182451763714395E+000                  2.5727816659482241E+000                  3.8674128273994222E+000                 -1.2043781486326723E+000                 -1.3814270836295413E+000 
                 3.9018545005378762E+000                  2.8463510935174834E-008                  4.0903112364727122E-002                  1.5169138125509057E-005                  3.7095681827237939E+002                  4.0439338906885475E-002                  9.9992606499103942E-001                  8.7102736453276517E+000                  8.7126118562319608E+000                 -7.5457115313167682E+000                  2.5693233577822059E+000                  3.8647915355426701E+000                 -1.1984698183604943E+000                 -1.3882436447701689E+000 
                 3.9516635792094021E+000                  2.6679492861649227E-008                  4.0268233429150695E-002                  1.5169138125509057E-005                  3.6786843279675816E+002                  3.9808423837814647E-002                  9.9992606499103942E-001                  8.6852519166451785E+000                  8.6868153988488643E+000                 -7.5738224299833963E+000                  2.5656925219858535E+000                  3.8620983660281807E+000                 -1.1925207151772388E+000                 -1.3950374225107784E+000 
                 3.9997205061592562E+000                  2.4971782019004220E-008                  3.9646016607746914E-002                  1.5169138125509057E-005                  3.6466327073160448E+002                  3.9213500288217511E-002                  9.9993070043806165E-001                  8.6598331868637768E+000                  8.6608583117911149E+000                 -7.6025504647209177E+000                  2.5618920227663105E+000                  3.8593339344506372E+000                 -1.1865362635235230E+000                 -1.4018004414404528E+000 
                 4.0462714921905478E+000                  2.3339001199754501E-008                  3.9036872597283515E-002                  1.5169138125509057E-005                  3.6133703479103514E+002                  3.8607945873591343E-002                  9.9993070043806165E-001                  8.6340384615529260E+000                  8.6346048551215961E+000                 -7.6319177336684012E+000                  2.5579124761641787E+000                  3.8564995667178796E+000                 -1.1805228512490622E+000                 -1.4085249827099313E+000 
                 4.0914952324580467E+000                  2.1781342480992276E-008                  3.8441426095950880E-002                  1.5169138125509057E-005                  3.5789104679986423E+002                  3.8016063070504660E-002                  9.9993070043806143E-001                  8.6079081672699669E+000                  8.6080336114094465E+000                 -7.6619153562552107E+000                  2.5537508338094992E+000                  3.8535985941341320E+000                 -1.1744907436843057E+000                 -1.4152005092939766E+000 
                 4.1354646920528824E+000                  2.0301424579576567E-008                  3.7861217276996886E-002                  1.5169138125509057E-005                  3.5433476167919139E+002                  3.7439396720629174E-002                  9.9993070043806143E-001                  8.5815125992601722E+000                  8.5816597447641723E+000                 -7.6924734859615871E+000                  2.5494137603031133E+000                  3.8506374395422163E+000                 -1.1684584468108954E+000                 -1.4218054271343936E+000 
                 4.1782678525496646E+000                  1.8900498585284127E-008                  3.7297227377049436E-002                  1.5169138125509057E-005                  3.5067875781675548E+002                  3.6878923046236391E-002                  9.9993070043806143E-001                  8.5549175963145316E+000                  8.5550989173754957E+000                 -7.7235267392139715E+000                  2.5449094593362189E+000                  3.8476228653917981E+000                 -1.1624418686744411E+000                 -1.4283234518267964E+000 
                 4.2200457921085510E+000                  1.7577054257318630E-008                  3.6749398020267915E-002                  1.5169138125509057E-005                  3.4692917792434628E+002                  3.6334594084942010E-002                  9.9993070043806143E-001                  8.5281574374945581E+000                  8.5283665446213313E+000                 -7.7550539066789925E+000                  2.5402408268344461E+000                  3.8445587921026085E+000                 -1.1564484376171253E+000                 -1.4347497705557617E+000 
                 4.2609400744678396E+000                  1.6328437619632225E-008                  3.6217237039962304E-002                  1.5169138125509057E-005                  3.4308988828389471E+002                  3.5805935101442886E-002                  9.9993070043806143E-001                  8.5012335238753103E+000                  8.5014646075839888E+000                 -7.7870553685783293E+000                  2.5354079183062352E+000                  3.8414450876813317E+000                 -1.1504796497784784E+000                 -1.4410846844490088E+000 
                 4.3010712569151410E+000                  1.5151645910523643E-008                  3.5700154779169893E-002                  1.5169138125509057E-005                  3.3916366689991003E+002                  3.5292371991302980E-002                  9.9993070043806143E-001                  8.4741504468203086E+000                  8.4743984259325238E+000                 -7.8195401875555950E+000                  2.5304093218304260E+000                  3.8382821901503026E+000                 -1.1445367480190070E+000                 -1.4473299009860230E+000 
                 4.3404928259357396E+000                  1.4045039009403148E-008                  3.5198164709809632E-002                  1.5169138125509057E-005                  3.3515842914782473E+002                  3.4793942134083822E-002                  9.9993070043806143E-001                  8.4469542051645981E+000                  8.4472147314431627E+000                 -7.8524770502292238E+000                  2.5252501460490033E+000                  3.8350752405442572E+000                 -1.1386287681746114E+000                 -1.4534799807599916E+000 
                 4.3792603442845843E+000                  1.3006492768970307E-008                  3.4711195230888899E-002                  1.5169138125509057E-005                  3.3108132552543151E+002                  3.4310600605940648E-002                  9.9993070043806143E-001                  8.4196525235992521E+000                  8.4199530060512089E+000                 -7.8858397961692210E+000                  2.5199346850616031E+000                  3.8318238996541201E+000                 -1.1327587559334951E+000                 -1.4595304317551907E+000 
                 4.4174909564806981E+000                  1.2033099254751713E-008                  3.4238407909598687E-002                  1.5169138125509057E-005                  3.2693921260397229E+002                  3.3841537598473623E-002                  9.9993070043806143E-001                  8.3922599595651910E+000                  8.3935828197158031E+000                 -7.9196225010155361E+000                  2.5144670121099368E+000                  3.8285301660519746E+000                 -1.1269267990917353E+000                 -1.4654864382750148E+000 
                 4.4552840603786263E+000                  1.1122122084933915E-008                  3.3779101140616115E-002                  1.5169138125509057E-005                  3.2273962386697173E+002                  3.3386080300013388E-002                  9.9993070043806143E-001                  8.3647720172066364E+000                  8.3691623842187486E+000                 -7.9538123420839586E+000                  2.5088522882829771E+000                  3.8251933795377862E+000                 -1.1211314819324076E+000                 -1.4713519111553071E+000 
                 4.4927100216977314E+000                  1.0271100305797837E-008                  3.3332725023890834E-002                  1.5169138125509057E-005                  3.1849179703352223E+002                  3.2943709727157801E-002                  9.9993070043806143E-001                  8.3371784580136552E+000                  8.3444069635050333E+000                 -7.9883830295147016E+000                  2.5030982510251412E+000                  3.8218119003174418E+000                 -1.1153722536363928E+000                 -1.4771291803550062E+000 
                 4.5298038188421410E+000                  9.4773711418920280E-009                  3.2898937111492714E-002                  1.5169138125509057E-005                  3.1420309379404449E+002                  3.2514114246610555E-002                  9.9993070043806132E-001                  8.3094876502696149E+000                  8.3192628908938620E+000                 -8.0233121117019159E+000                  2.4972104567372488E+000                  3.8183868253307374E+000                 -1.1096524387222382E+000                 -1.4828181328728289E+000 
                 4.5666034543504859E+000                  8.7385177891948489E-009                  3.2477291681584891E-002                  1.5169138125509057E-005                  3.0988386161189010E+002                  3.2096872243613191E-002                  9.9993070043806132E-001                  8.2817049714876454E+000                  8.2937153740971503E+000                 -8.0585622253248115E+000                  2.4911989590117760E+000                  3.8149189662259779E+000                 -1.1039734197468960E+000                 -1.4884201942333317E+000 
                 4.6031150615789871E+000                  8.0532592247612307E-009                  3.2067693621455839E-002                  1.5169138125509057E-005                  3.0555435314426182E+002                  3.1701271664125681E-002                  9.9993301816157243E-001                  8.2538583875200278E+000                  8.2677591118312481E+000                 -8.0940283212637816E+000                  2.4850884750882489E+000                  3.8114117053799301E+000                 -1.0983400550868272E+000                 -1.4939322743557621E+000 
                 4.6394064586646540E+000                  7.4182248404429475E-009                  3.1669339259746999E-002                  1.5169138125509057E-005                  3.0122077069347796E+002                  3.1307625285055943E-002                  9.9993301816157243E-001                  8.2259215333473108E+000                  8.2412900013091317E+000                 -8.1297000076906283E+000                  2.4788849150698522E+000                  3.8078615228425075E+000                 -1.0927463990586450E+000                 -1.4993609975323920E+000 
                 4.6755302113727542E+000                  6.8297220543001783E-009                  3.1281662526284733E-002                  1.5169138125509057E-005                  2.9688295409153454E+002                  3.0924901137610056E-002                  9.9993301816157243E-001                  8.1978754116768453E+000                  8.2142780354522280E+000                 -8.1655969702188926E+000                  2.4725852624482032E+000                  3.8042657885237863E+000                 -1.0871889566607222E+000                 -1.5047101735532258E+000 
                 4.7115128162798952E+000                  6.2843749587153385E-009                  3.0904460104270299E-002                  1.5169138125509057E-005                  2.9253939602854177E+002                  3.0552796515929081E-002                  9.9993301816157254E-001                  8.1697177649465402E+000                  8.1868869489520559E+000                 -8.2017379105762238E+000                  2.4661843601110438E+000                  3.8006240072084201E+000                 -1.0816682208467308E+000                 -1.5099788390575726E+000 
                 4.7473498483971710E+000                  5.7802259281534192E-009                  3.0537807442819583E-002                  1.5169138125509057E-005                  2.8820180458053210E+002                  3.0191273732938555E-002                  9.9993301816157254E-001                  8.1414691180463397E+000                  8.1593589548135110E+000                 -8.2380551862450844E+000                  2.4596966955089590E+000                  3.7969385487109446E+000                 -1.0761886559488965E+000                 -1.5151621476878339E+000 
                 4.7830839679992687E+000                  5.3145880820205546E-009                  3.0181256002548226E-002                  1.5169138125509057E-005                  2.8387566613426719E+002                  2.9857175982837190E-002                  9.9993765360859477E-001                  8.1131103458119309E+000                  8.1319248784524198E+000                 -8.2745303907151051E+000                  2.4531281659883586E+000                  3.7932061313354009E+000                 -1.0707453829647759E+000                 -1.5202626908816437E+000 
                 4.8187574447502675E+000                  4.8842027063678243E-009                  2.9834488471555412E-002                  1.5169138125509057E-005                  2.7955582153397353E+002                  2.9523645921490357E-002                  9.9993997133210588E-001                  8.0846307448597834E+000                  8.1048530966121355E+000                 -8.3112063200690560E+000                  2.4464685401939912E+000                  3.7894235069699698E+000                 -1.0653337455703635E+000                 -1.5252814039698843E+000 
                 4.8543771601349013E+000                  4.4857891562427323E-009                  2.9497582270226474E-002                  1.5169138125509057E-005                  2.7523009639316450E+002                  2.9199438625995788E-002                  9.9994228905561700E-001                  8.0560561520285123E+000                  8.0784650256589945E+000                 -8.3481611432435248E+000                  2.4396959218793914E+000                  3.7855914735604972E+000                 -1.0599551781447019E+000                 -1.5302135789279181E+000 
                 4.8899698427450069E+000                  4.1162577736445729E-009                  2.9170415166771643E-002                  1.5169138125509057E-005                  2.7088424989132574E+002                  2.8884334281287925E-002                  9.9994460677912811E-001                  8.0273958241475398E+000                  8.0530220689431253E+000                 -8.3854974361044494E+000                  2.4327837540778861E+000                  3.7817081188234791E+000                 -1.0546085486147749E+000                 -1.5350573897553705E+000 
                 4.9255633825036051E+000                  3.7736193080282583E-009                  2.8852493107282346E-002                  1.5169138125509057E-005                  2.6651844270270868E+002                  2.8577908968624079E-002                  9.9994692450263922E-001                  7.9986562446060496E+000                  8.0284492803412171E+000                 -8.4232419146538433E+000                  2.4257272665889884E+000                  3.7777747183215675E+000                 -1.0492951249755831E+000                 -1.5398166540522720E+000 
                 4.9611682331109801E+000                  3.4558969416823431E-009                  2.8543376085001512E-002                  1.5169138125509057E-005                  2.6213013095000576E+002                  2.8271132491686096E-002                  9.9994692450263922E-001                  7.9698256132183882E+000                  8.0044266565248279E+000                 -8.4614392170976647E+000                  2.4185169440620244E+000                  3.7737946544533543E+000                 -1.0440183161673269E+000                 -1.5444946602202552E+000 
                 4.9967571966249205E+000                  3.1629225693279076E-009                  2.8242838485810554E-002                  1.5169138125509057E-005                  2.5774923649423260E+002                  2.7981430179790840E-002                  9.9994924222615034E-001                  7.9409030228555331E+000                  7.9806149750530722E+000                 -8.4999114398026556E+000                  2.4111973870720353E+000                  3.7697728247402589E+000                 -1.0387836809098383E+000                 -1.5490916575927716E+000 
                 5.0323470057799167E+000                  2.8929052020015746E-009                  2.7950234107140072E-002                  1.5169138125509057E-005                  2.5337878212175156E+002                  2.7691018535469843E-002                  9.9994924222615034E-001                  7.9118615056077415E+000                  7.9564684487389803E+000                 -8.5386657975729499E+000                  2.4037702439201856E+000                  3.7657088725615839E+000                 -1.0335902410990536E+000                 -1.5536145501742191E+000 
                 5.0679483901694287E+000                  2.6452589171895767E-009                  2.7664942555895272E-002                  1.5169138125509057E-005                  2.4904715164165660E+002                  2.7416687032458423E-002                  9.9995155994966134E-001                  7.8826807188641332E+000                  7.9315850158892083E+000                 -8.5775318129280702E+000                  2.3962815786081242E+000                  3.7616019579690478E+000                 -1.0284366490536343E+000                 -1.5580702272276563E+000 
                 5.1035545021250810E+000                  2.4169072279908287E-009                  2.7387350837142412E-002                  1.5169138125509057E-005                  2.4471996463188276E+002                  2.7141430829840298E-002                  9.9995155994966134E-001                  7.8534039370725406E+000                  7.9066405646685647E+000                 -8.6167400194909476E+000                  2.3886694007397997E+000                  3.7574546027984117E+000                 -1.0233255640106138E+000                 -1.5624499747724474E+000 
                 5.1391710892400173E+000                  2.2034254177435195E-009                  2.7118873551870652E-002                  1.5169138125509057E-005                  2.4030797534161985E+002                  2.6874557477488029E-002                  9.9995155994966134E-001                  7.8241743893116933E+000                  7.8836168117000369E+000                 -8.6569016450454228E+000                  2.3807681839169810E+000                  3.7532737394328652E+000                 -1.0182643311424908E+000                 -1.5667283539040469E+000 
                 5.1747362362040334E+000                  2.0036439336962572E-009                  2.6860756752111560E-002                  1.5169138125509057E-005                  2.3579002757138286E+002                  2.6608925697964827E-002                  9.9994924222615034E-001                  7.7952224098733973E+000                  7.8633308163255036E+000                 -8.6981794541472919E+000                  2.3725254327153129E+000                  3.7490782637079589E+000                 -1.0132740133300957E+000                 -1.5708817560516453E+000 
                 5.2102344904500768E+000                  1.8236797862369980E-009                  2.6608627594538733E-002                  1.5169138125509057E-005                  2.3139572288841433E+002                  2.6358921743827243E-002                  9.9994924222615034E-001                  7.7666578925854326E+000                  7.8389735776603224E+000                 -8.7390514156121775E+000                  2.3643553266621797E+000                  3.7448675889689116E+000                 -1.0083534441155344E+000                 -1.5749775246778221E+000 
                 5.2458908563678905E+000                  1.6682153721407402E-009                  2.6355031879931476E-002                  1.5169138125509057E-005                  2.2738440496518780E+002                  2.6111710119221993E-002                  9.9994924222615034E-001                  7.7383245224316193E+000                  7.8022575270435297E+000                 -8.7777478812197511E+000                  2.3567606749771346E+000                  3.7405986650065688E+000                 -1.0034510220786996E+000                 -1.5791364541115185E+000 
                 5.2813575128944423E+000                  1.5369690846422546E-009                  2.6102276238432972E-002                  1.5169138125509057E-005                  2.2384969708255255E+002                  2.5876097977227158E-002                  9.9995155994966145E-001                  7.7104056516871244E+000                  7.7562900379479665E+000                 -8.8133348680268035E+000                  2.3499565104875160E+000                  3.7362836769413454E+000                 -9.9858108008916979E-001                 -1.5833216185358074E+000 
                 5.3164190630020460E+000                  1.4228735047271018E-009                  2.5855659737399565E-002                  1.5169138125509057E-005                  2.2061913626843909E+002                  2.5646368724449843E-002                  9.9995387767317256E-001                  7.6828363259915236E+000                  7.7105294530091415E+000                 -8.8468337075340440E+000                  2.3436431794522337E+000                  3.7319265533856236E+000                 -9.9374858167379465E-001                 -1.5874443762188635E+000 
                 5.3511961437283952E+000                  1.3201098054180419E-009                  2.5616374922993481E-002                  1.5169138125509057E-005                  2.1753197229356846E+002                  2.5429824643420650E-002                  9.9995851312019479E-001                  7.6553219392668881E+000                  7.6697627765981276E+000                 -8.8793899431094765E+000                  2.3375230969563892E+000                  3.7275020273935593E+000                 -9.8892619114904834E-001                 -1.5914823290148898E+000 
                 5.3858130900308083E+000                  1.2268228256282838E-009                  2.5383436362853760E-002                  1.5169138125509057E-005                  2.1456045071035476E+002                  2.5220401485264929E-002                  9.9996385041465252E-001                  7.6275959209700934E+000                  7.6344667050709569E+000                 -8.9112181523568239E+000                  2.3315496722742752E+000                  3.7229867379364450E+000                 -9.8409031934638913E-001                 -1.5954495842743357E+000 
                 5.4203444174225259E+000                  1.1542615807990171E-009                  2.5154349620869820E-002                  1.5169138125509057E-005                  2.1227504051500580E+002                  2.5057628625690016E-002                  9.9998079485158897E-001                  7.5991922359212722E+000                  7.6081830157683914E+000                 -8.9376957594435922E+000                  2.3268989319197213E+000                  3.7183227438260382E+000                 -9.7918250741928314E-001                 -1.5993869071086115E+000 
                 5.4547356389432311E+000                  1.0846602010378692E-009                  2.4926929306571286E-002                  1.5169138125509057E-005                  2.0995124484935232E+002                  2.4836067109966033E-002                  9.9998175975896419E-001                  7.5699573266845253E+000                  7.5826963608168549E+000                 -8.9647062949282361E+000                  2.3221184534844261E+000                  3.7134986418680351E+000                 -9.7419736642925403E-001                 -1.6033312179803438E+000 
                 5.4885732774346687E+000                  1.0172622879688081E-009                  2.4704385505676517E-002                  1.5169138125509057E-005                  2.0753943353888357E+002                  2.4611359336224187E-002                  9.9998079485158897E-001                  7.5403059019703402E+000                  7.5575319694801895E+000                 -8.9925670554045709E+000                  2.3171006264932341E+000                  3.7085810294169259E+000                 -9.6920793547655748E-001                 -1.6072259442361263E+000 
                 5.5217738068568005E+000                  9.5189197021558063E-010                  2.4488061556102853E-002                  1.5169138125509057E-005                  2.0502136962539225E+002                  2.4391685027519802E-002                  9.9997950830842197E-001                  7.5104526883218705E+000                  7.5328459701864556E+000                 -9.0214123367010632E+000                  2.3117991299086009E+000                  3.7035990403864787E+000                 -9.6424458620720643E-001                 -1.6110455917151076E+000 
                 5.5544049948505387E+000                  8.8807087214022113E-010                  2.4278316860189851E-002                  1.5169138125509057E-005                  2.0236343265701805E+002                  2.4183400116353945E-002                  9.9997950830842197E-001                  7.4805265072777916E+000                  7.5087798549766065E+000                 -9.0515523741411972E+000                  2.3061320371069791E+000                  3.6985634416357565E+000                 -9.5931728798802118E-001                 -1.6147814248319305E+000 
                 5.5865687416878993E+000                  8.2588813692438782E-010                  2.4075184710497508E-002                  1.5169138125509057E-005                  1.9956065093660840E+002                  2.3976815660087272E-002                  9.9997822176525497E-001                  7.4506399048301732E+000                  7.4855361239364617E+000                 -9.0830787720578243E+000                  2.3000749113023127E+000                  3.6934809129441146E+000                 -9.5443159220446661E-001                 -1.6184303721809112E+000 
                 5.6183686821294669E+000                  7.6560836403280331E-010                  2.3878472587829911E-002                  1.5169138125509057E-005                  1.9662005557831642E+002                  2.3776530194721743E-002                  9.9997689360581432E-001                  7.4208386317320167E+000                  7.4629468078610293E+000                 -9.1159933306734118E+000                  2.2936278139417827E+000                  3.6883577324455121E+000                 -9.4959351815203152E-001                 -1.6219934567676455E+000 
                 5.6499025886386693E+000                  7.0790412436970572E-010                  2.3687605484850705E-002                  1.5169138125509057E-005                  1.9358087511591867E+002                  2.3582243367357921E-002                  9.9997556544637367E-001                  7.3911132656568865E+000                  7.4402830598615575E+000                 -9.1500255573903377E+000                  2.2868624482276876E+000                  3.6831969572398071E+000                 -9.4480523391812454E-001                 -1.6254788386979175E+000 
                 5.6812238118713054E+000                  6.5328788493941565E-010                  2.3502134659611637E-002                  1.5169138125509057E-005                  1.9048111070123636E+002                  2.3393650570972004E-002                  9.9997423728693302E-001                  7.3614767959130356E+000                  7.4167968076883541E+000                 -9.1848953956181560E+000                  2.2798519141691691E+000                  3.6780035631314356E+000                 -9.4006900834299534E-001                 -1.6288926896947891E+000 
                 5.7123870963064087E+000                  6.0191986959582938E-010                  2.3321754030990838E-002                  1.5169138125509057E-005                  1.8734128012461417E+002                  2.3210492755545334E-002                  9.9997290912749237E-001                  7.3319435316135895E+000                  7.3922609335264378E+000                 -9.2204613202183268E+000                  2.2726334828526547E+000                  3.6727792824000711E+000                 -9.3538431525729415E-001                 -1.6322387893618464E+000 
                 5.7434452200060440E+000                  5.5356453592733744E-010                  2.3146549807802910E-002                  1.5169138125509057E-005                  1.8415281046910636E+002                  2.3033699655983546E-002                  9.9997190260384339E-001                  7.3025210308851110E+000                  7.3672864848374466E+000                 -9.2568317407052216E+000                  2.2651783506236014E+000                  3.6675264925282334E+000                 -9.3075358877328662E-001                 -1.6355137351471860E+000 
                 5.7744491532918172E+000                  5.0791108416441051E-010                  2.2976612824565111E-002                  1.5169138125509057E-005                  1.8089782220419590E+002                  2.2859348739673824E-002                  9.9996988955654564E-001                  7.2732135306764274E+000                  7.3423438081960022E+000                 -9.2942123094417024E+000                  2.2574333378286542E+000                  3.6622490725152290E+000                 -9.2618067402880178E-001                 -1.6387139939255335E+000 
                 5.8054711975185747E+000                  4.6489588952853953E-010                  2.2811729538473959E-002                  1.5169138125509057E-005                  1.7757803197526860E+002                  2.2693088772115750E-002                  9.9996888303289677E-001                  7.2440076611119064E+000                  7.3174595779826594E+000                 -9.3326442937028347E+000                  2.2493892378803815E+000                  3.6569476257733395E+000                 -9.2166389209279787E-001                 -1.6418417861595533E+000 
                 5.8365555404479359E+000                  4.2466124388519150E-010                  2.2651677495533911E-002                  1.5169138125509057E-005                  1.7421674326661827E+002                  2.2531762350068034E-002                  9.9996787650924790E-001                  7.2149371948988188E+000                  7.2923513817269461E+000                 -9.3719573724796117E+000                  2.2410898902525771E+000                  3.6516260563518221E+000                 -9.1720380741690299E-001                 -1.6448996302923331E+000 
                 5.8677380692488885E+000                  3.8720966020195861E-010                  2.2496247578535241E-002                  1.5169138125509057E-005                  1.7082873440966054E+002                  2.2375212334838468E-002                  9.9996686998559903E-001                  7.1860334246800956E+000                  7.2667081929280348E+000                 -9.4120538163427998E+000                  2.2325609226814520E+000                  3.6462878515693822E+000                 -9.1280265579544728E-001                 -1.6478899170816768E+000 
                 5.8990707567384240E+000                  3.5243155584569017E-010                  2.2345136262933486E-002                  1.5169138125509057E-005                  1.6741972031343607E+002                  2.2220670926303487E-002                  9.9996485693830128E-001                  7.1572709759712021E+000                  7.2402577324393578E+000                 -9.4529252128703689E+000                  2.2238066113203403E+000                  3.6409314691213415E+000                 -9.0845957893217755E-001                 -1.6508169926232388E+000 
                 5.9305895738166559E+000                  3.2031267897100340E-010                  2.2198161426159761E-002                  1.5169138125509057E-005                  1.6400777951873894E+002                  2.2073076212010628E-002                  9.9996385041465252E-001                  7.1286245048048320E+000                  7.2129034331253408E+000                 -9.4944258702710478E+000                  2.2148644480174626E+000                  3.6355576226425863E+000                 -9.0417368072787030E-001                 -1.6536829947178220E+000 
                 5.9623271864998690E+000                  2.9081229901522035E-010                  2.2055084880807284E-002                  1.5169138125509057E-005                  1.6061209414093844E+002                  2.1931966766494910E-002                  9.9996385041465252E-001                  7.1000778422263782E+000                  7.1846003271465415E+000                 -9.5363872302700390E+000                  2.2057782438909741E+000                  3.6301632641310122E+000                 -8.9994027857113856E-001                 -1.6564912664643410E+000 
                 5.9943103618537235E+000                  2.6380537874780824E-010                  2.1915682508459017E-002                  1.5169138125509057E-005                  1.5724354652208993E+002                  2.1792350076382420E-002                  9.9996284389100365E-001                  7.0716215019571038E+000                  7.1353332951831625E+000                 -9.5787163538363611E+000                  2.1965728296657523E+000                  3.6247441684877391E+000                 -8.9575512214662778E-001                 -1.6592449997970586E+000 
                 6.0265482274602791E+000                  2.3913687680626907E-010                  2.1779849085836647E-002                  1.5169138125509057E-005                  1.5390886100073186E+002                  2.1658769923865766E-002                  9.9996284389100365E-001                  7.0432646985006704E+000                  7.0759019787385418E+000                 -9.6213534470604731E+000                  2.1872636233751797E+000                  3.6193026856163133E+000                 -8.9161927967986387E-001                 -1.6619451338279689E+000 
                 6.0590311394754872E+000                  2.1663160926603067E-010                  2.1647634971928453E-002                  1.5169138125509057E-005                  1.5061029094698918E+002                  2.1526495836490162E-002                  9.9996176119830160E-001                  7.0149915937989382E+000                  7.0203171275183900E+000                 -9.6642781740807742E+000                  2.1778546466419333E+000                  3.6138394965183820E+000                 -8.8753312270810925E-001                 -1.6645895438716272E+000 
                 6.0917595369920967E+000                  1.9610998114259745E-010                  2.1519018755429373E-002                  1.5169138125509057E-005                  1.4734761529615062E+002                  2.1400206349217205E-002                  9.9996176119830160E-001                  6.9867947666314612E+000                  6.9873900059273071E+000                 -9.7075003020749939E+000                  2.1683431106699209E+000                  3.6083536928345223E+000                 -8.8349492167405741E-001                 -1.6671775359247119E+000 
                 6.1248033985999397E+000                  1.7757675054073212E-010                  2.1393424595883635E-002                  1.5169138125509057E-005                  1.4415701796515759E+002                  2.1281387168657680E-002                  9.9996385041465274E-001                  6.9586097859868605E+000                  6.9592306767465093E+000                 -9.7506138953863974E+000                  2.1588357890259569E+000                  3.6028289297690179E+000                 -8.7949134690996844E-001                 -1.6697196892924864E+000 
                 6.1581510092805321E+000                  1.6125016836183419E-010                  2.1270248384189446E-002                  1.5169138125509057E-005                  1.4112962338671016E+002                  2.1169299897320363E-002                  9.9996787650924823E-001                  6.9303823887282494E+000                  6.9310481715040577E+000                 -9.7924998232441514E+000                  2.1496181817033788E+000                  3.5972494671466175E+000                 -8.7551107077157653E-001                 -1.6722274385762070E+000 
                 6.1913260272362862E+000                  1.4731132830662559E-010                  2.1150326824207193E-002                  1.5169138125509057E-005                  1.3836616822121309E+002                  2.1063132396176267E-002                  9.9997290912749259E-001                  6.9023676575176713E+000                  6.9030929076429084E+000                 -9.8317638544344650E+000                  2.1410299132810060E+000                  3.5916658860096202E+000                 -8.7159065532661373E-001                 -1.6746829173266178E+000 
                 6.2249021238025231E+000                  1.3527578243958255E-010                  2.1030914932457869E-002                  1.5169138125509057E-005                  1.3583301776626587E+002                  2.0955511113679066E-002                  9.9997689360581454E-001                  6.8738544223329363E+000                  6.8746775044052804E+000                 -9.8687799454145235E+000                  2.1330053485139620E+000                  3.5859366404844470E+000                 -8.6763391455824834E-001                 -1.6771418332825589E+000 
                 6.2586340864631111E+000                  1.2483671231466837E-010                  2.0912368292090772E-002                  1.5169138125509057E-005                  1.3350987533665651E+002                  2.0845624645398426E-002                  9.9997950830842208E-001                  6.8449443817525983E+000                  6.8459031075754835E+000                 -9.9036576773857412E+000                  2.1255133895025020E+000                  3.5800785313179952E+000                 -8.6365153661333027E-001                 -1.6795967812452490E+000 
                 6.2922546847839618E+000                  1.1569379821833671E-010                  2.0795239731433310E-002                  1.5169138125509057E-005                  1.3136357927962464E+002                  2.0736231234592409E-002                  9.9998175975896431E-001                  6.8157778133046927E+000                  6.8168531484755510E+000                 -9.9366899208385959E+000                  2.1184749723375393E+000                  3.5741123345173254E+000                 -8.5965842262700520E-001                 -1.6820360686417501E+000 
                 6.3255993678270794E+000                  1.0747804040445026E-010                  2.0679875097865917E-002                  1.5169138125509057E-005                  1.2932586690676416E+002                  2.0625288547695714E-002                  9.9998272466633942E-001                  6.7863957451158150E+000                  6.7875744863774177E+000                 -9.9686802604496272E+000                  2.1116853974230563E+000                  3.5680412026797752E+000                 -8.5566194254862571E-001                 -1.6844520886182992E+000 
                 6.3585433753592202E+000                  9.9898998261841324E-011                  2.0566709047427200E-002                  1.5169138125509057E-005                  1.2733192368576073E+002                  2.0514073029180489E-002                  9.9998272466633942E-001                  6.7569053736949920E+000                  6.7582477181695406E+000                 -1.0000438866644245E+001                  2.1049372994438396E+000                  3.5618848111635484E+000                 -8.5167661965231078E-001                 -1.6868351957571754E+000 
                 6.3910166938310935E+000                  9.2816018042200090E-011                  2.0456149408954797E-002                  1.5169138125509057E-005                  1.2534967395909510E+002                  2.0407662149304825E-002                  9.9998368957371464E-001                  6.7274804722315684E+000                  6.7289648166867702E+000                 -1.0032377067455394E+001                  2.0981232078333880E+000                  3.5556755716490343E+000                 -8.4772015168689430E-001                 -1.6891761129418474E+000 
                 6.4230399443431088E+000                  8.6453698645297307E-011                  2.0348177097020959E-002                  1.5169138125509057E-005                  1.2347031585702904E+002                  2.0303553248816841E-002                  9.9998465448108986E-001                  6.6980808771566327E+000                  6.7228238439426420E+000                 -1.0063216422090665E+001                  2.0915625583103785E+000                  3.5494018966191740E+000                 -8.4378585034692744E-001                 -1.6914744912134632E+000 
                 6.4546422819862190E+000                  8.0327242063276273E-011                  2.0242791530024357E-002                  1.5169138125509057E-005                  1.2153739731560276E+002                  2.0199672596493613E-002                  9.9998465448108986E-001                  6.6687334091197368E+000                  6.7166919100190112E+000                 -1.0095137143745696E+001                  2.0847099310101327E+000                  3.5430731678598621E+000                 -8.3988233143866819E-001                 -1.6937295974404858E+000 
                 6.4858373102382947E+000                  7.4551795355537426E-011                  2.0139983710561853E-002                  1.5169138125509057E-005                  1.1959537590877123E+002                  2.0096184524255194E-002                  9.9998368957371464E-001                  6.6393234250600530E+000                  6.7097784012046313E+000                 -1.0127541893409989E+001                  2.0777143873959987E+000                  3.5366742719151758E+000                 -8.3600130679367524E-001                 -1.6959408850443649E+000 
                 6.5166361233305956E+000                  6.9091221818536657E-011                  2.0040015954047124E-002                  1.5169138125509057E-005                  1.1763487783103811E+002                  1.9997609044231486E-002                  9.9998368957371464E-001                  6.6100342107484966E+000                  6.7036001429167360E+000                 -1.0160577127125681E+001                  2.0705361049742383E+000                  3.5302499250414852E+000                 -8.3216531140626959E-001                 -1.6981019370586903E+000 
                 6.5471153514289044E+000                  6.4052429011400476E-011                  1.9942688601546424E-002                  1.5169138125509057E-005                  1.1571015251392967E+002                  1.9899633460840803E-002                  9.9998272466633942E-001                  6.5808289431203626E+000                  6.6977521181303619E+000                 -1.0193464396188689E+001                  2.0633714652077901E+000                  3.5237926235094128E+000                 -8.2836966152198899E-001                 -1.7002162920572981E+000 
                 6.5773487897102605E+000                  5.9295829030142172E-011                  1.9847829337929095E-002                  1.5169138125509057E-005                  1.1377031142649408E+002                  1.9806035103896922E-002                  9.9998272466633942E-001                  6.5516308821481140E+000                  6.6903875326205844E+000                 -1.0226975854576740E+001                  2.0560289460881598E+000                  3.5173002365956214E+000                 -8.2461183396062365E-001                 -1.7022869830120622E+000 
                 6.6073785850093607E+000                  5.4917627337651801E-011                  1.9755325847282210E-002                  1.5169138125509057E-005                  1.1187041824435111E+002                  1.9713792207468519E-002                  9.9998224221265186E-001                  6.5222340679417643E+000                  6.6851467223170102E+000                 -1.0260288234298070E+001                  2.0487152609546420E+000                  3.5107352415336726E+000                 -8.2087316489399964E-001                 -1.7043158026056922E+000 
                 6.6372865482272170E+000                  5.0870392835663067E-011                  1.9664791996344372E-002                  1.5169138125509057E-005                  1.1000210942368706E+002                  1.9621785279964780E-002                  9.9998079485158908E-001                  6.4927136888416088E+000                  6.6790906314719622E+000                 -1.0293534908610004E+001                  2.0414010125561957E+000                  3.5041012385665868E+000                 -8.1715287441018281E-001                 -1.7063106429647663E+000 
                 6.6670582821619977E+000                  4.7109429997621300E-011                  1.9576304637476657E-002                  1.5169138125509057E-005                  1.0815361098900874E+002                  1.9534384081315220E-002                  9.9998079485158908E-001                  6.4631554671713314E+000                  6.6561745725163179E+000                 -1.0326892150492935E+001                  2.0340410232591233E+000                  3.4974174889228018E+000                 -8.1346043952592384E-001                 -1.7082692853120869E+000 
                 6.6966736240926297E+000                  4.3586380274090483E-011                  1.9490005687241949E-002                  1.5169138125509057E-005                  1.0630682242214363E+002                  1.9447013494958133E-002                  9.9997950830842208E-001                  6.4335815048926515E+000                  6.6280828759446946E+000                 -1.0360649196416198E+001                  2.0265611361992297E+000                  3.4907027286206875E+000                 -8.0980539472516833E-001                 -1.7101880341539313E+000 
                 6.7261747820332527E+000                  4.0207477671526360E-011                  1.9405793434787072E-002                  1.5169138125509057E-005                  1.0440959815661699E+002                  1.9363881707372629E-002                  9.9997950830842208E-001                  6.4040305976538603E+000                  6.6001663808685755E+000                 -1.0395693170560275E+001                  2.0187404234781359E+000                  3.4839514361652575E+000                 -8.0618549395415873E-001                 -1.7120685957837829E+000 
                 6.7555618240668913E+000                  3.7295475485153212E-011                  1.9323761795002975E-002                  1.5169138125509057E-005                  1.0268278009418437E+002                  1.9281814569131726E-002                  9.9997886503683864E-001                  6.3744069763490439E+000                  6.5723322181400814E+000                 -1.0428343851596596E+001                  2.0114976176885371E+000                  3.4771308151334481E+000                 -8.0258479086948598E-001                 -1.7139083247227456E+000 
                 6.7850395795726168E+000                  3.4155408635863385E-011                  1.9243039447675692E-002                  1.5169138125509057E-005                  1.0066012268176529E+002                  1.9201261953124903E-002                  9.9997822176525519E-001                  6.3446020336514080E+000                  6.5444775447172248E+000                 -1.0466540514391861E+001                  2.0028574545534501E+000                  3.4702450665248064E+000                 -7.9900191641475482E-001                 -1.7157263298502039E+000 
                 6.8142215349314474E+000                  3.1645734450873710E-011                  1.9165385131453203E-002                  1.5169138125509057E-005                  9.8957664842878302E+001                  1.9122658139972090E-002                  9.9997689360581454E-001                  6.3151306239564891E+000                  6.5169858061308723E+000                 -1.0499684820537379E+001                  1.9954494376446996E+000                  3.4634123357228210E+000                 -7.9549608386905446E-001                 -1.7174824491054621E+000 
                 6.8436422741654317E+000                  2.8962622170486665E-011                  1.9088674614271658E-002                  1.5169138125509057E-005                  9.6984203006750505E+001                  1.9045261205844689E-002                  9.9997556544637389E-001                  6.2855587501547250E+000                  6.4892915035313221E+000                 -1.0538162121251814E+001                  1.9867010003977954E+000                  3.4564990444743371E+000                 -7.9199916673096971E-001                 -1.7192242249688716E+000 
                 6.8728652653377384E+000                  2.6609930145781543E-011                  1.9014766109710597E-002                  1.5169138125509057E-005                  9.5135993705171771E+001                  1.8972399477765182E-002                  9.9997556544637389E-001                  6.2563739693912801E+000                  6.4620331276054257E+000                 -1.0574956265521569E+001                  1.9783448579657248E+000                  3.4496402273343341E+000                 -7.8857664933008897E-001                 -1.7209090122396076E+000 
                 6.9022009354183975E+000                  2.4437683644171928E-011                  1.8942678717832038E-002                  1.5169138125509057E-005                  9.3309042300775843E+001                  1.8900484070568213E-002                  9.9997490136665357E-001                  6.2271263169507867E+000                  6.4348360979842054E+000                 -1.0611939961613988E+001                  1.9699237311408972E+000                  3.4427525404842183E+000                 -7.8518805913384671E-001                 -1.7225586066361618E+000 
                 6.9317423567477192E+000                  2.2460861281796584E-011                  1.8872062162439598E-002                  1.5169138125509057E-005                  9.1532714342869923E+001                  1.8830851788875776E-002                  9.9997490136665357E-001                  6.2119694068605735E+000                  6.4075513640250623E+000                 -1.0648573594345269E+001                  1.9615763404415818E+000                  3.4357701836914187E+000                 -7.8179784072399405E-001                 -1.7241806416031711E+000 
                 6.9614870538440652E+000                  2.0594044723476587E-011                  1.8803058842087664E-002                  1.5169138125509057E-005                  8.9732667725030538E+001                  1.8762047217546960E-002                  9.9997423728693324E-001                  6.2047163472228490E+000                  6.3804498048785492E+000                 -1.0686258348448751E+001                  1.9529505785519650E+000                  3.4286880251771037E+000                 -7.7840773263144458E-001                 -1.7257714948756788E+000 
                 6.9914044099488626E+000                  1.8873235231509450E-011                  1.8736644136520365E-002                  1.5169138125509057E-005                  8.7951875145993199E+001                  1.8695105539875738E-002                  9.9997290912749259E-001                  6.1975367396355008E+000                  6.3539941592038751E+000                 -1.0724153647118598E+001                  1.9442451022716813E+000                  3.4215136349750814E+000                 -7.7502793219569277E-001                 -1.7273081916500352E+000 
                 7.0217822185460879E+000                  1.7250728746210777E-011                  1.8671182921376917E-002                  1.5169138125509057E-005                  8.6148032608313670E+001                  1.8630675235204858E-002                  9.9997290912749259E-001                  6.1903830667409077E+000                  6.3273531824766698E+000                 -1.0763192553705316E+001                  1.9352453629263511E+000                  3.4141928913953312E+000                 -7.7163436382745154E-001                 -1.7288281662527332E+000 
                 7.0523565203488721E+000                  1.5813273855372954E-011                  1.8607042979088020E-002                  1.5169138125509057E-005                  8.4439603767980628E+001                  1.8567498603882182E-002                  9.9997290912749259E-001                  6.1833779462577727E+000                  6.3005556360849218E+000                 -1.0800978207858305E+001                  1.9265461858732242E+000                  3.4068109450590587E+000                 -7.6826533553641618E-001                 -1.7303226392229747E+000 
                 7.0830926033775707E+000                  1.4448397917629573E-011                  1.8544157769427860E-002                  1.5169138125509057E-005                  8.2695292140466719E+001                  1.8505584134914349E-002                  9.9997290912749259E-001                  6.1765592048990889E+000                  6.2735005925314091E+000                 -1.0840180306132792E+001                  1.9174807849367288E+000                  3.3994023496236419E+000                 -7.6493511280235893E-001                 -1.7317928864872272E+000 
                 7.1138675782867065E+000                  1.3231726963737543E-011                  1.8482761669317279E-002                  1.5169138125509057E-005                  8.1030798768443006E+001                  1.8444084055101506E-002                  9.9997190260384372E-001                  6.1699118693504538E+000                  6.2463005169078745E+000                 -1.0878383469351803E+001                  1.9086501191742360E+000                  3.3919634235082006E+000                 -7.6164357427644525E-001                 -1.7332331365717470E+000 
                 7.1446712769427956E+000                  1.2036715927481503E-011                  1.8422876978858332E-002                  1.5169138125509057E-005                  7.9264312263825786E+001                  1.8385199219195011E-002                  9.9997190260384372E-001                  6.1634787174907988E+000                  6.2191634526852670E+000                 -1.0919491988919010E+001                  1.8990776949695658E+000                  3.3845383201329557E+000                 -7.5840817980572151E-001                 -1.7346425479460099E+000 
                 7.1753991066826250E+000                  1.1013443781975933E-011                  1.8364733196329384E-002                  1.5169138125509057E-005                  7.7645786292448022E+001                  1.8327975692990734E-002                  9.9997190260384372E-001                  6.1572967696271732E+000                  6.1920302204909889E+000                 -1.0958076860714582E+001                  1.8901178914089873E+000                  3.3771448045466990E+000                 -7.5523690866313475E-001                 -1.7360153767226398E+000 
                 7.2063322586029077E+000                  1.0037125484000490E-011                  1.8307511256847788E-002                  1.5169138125509057E-005                  7.5983116521219415E+001                  1.8271708780375259E-002                  9.9997190260384372E-001                  6.1512878933821797E+000                  6.1646454065059517E+000                 -1.0998390646272806E+001                  1.8807171017350175E+000                  3.3697108551662973E+000                 -7.5209998222750696E-001                 -1.7373706901538108E+000 
                 7.2370073605220959E+000                  9.0916482339235777E-012                  1.8254303593825693E-002                  1.5169138125509057E-005                  7.4234782521694612E+001                  1.8217576819860675E-002                  9.9997089608019485E-001                  6.1268769211249516E+000                  6.1376589589971680E+000                 -1.1041357375963047E+001                  1.8706074396553400E+000                  3.3623965762782713E+000                 -7.4907069852093910E-001                 -1.7386347308395769E+000 
                 7.2670347366523798E+000                  8.2156311784270893E-012                  1.8204004142149854E-002                  1.5169138125509057E-005                  7.2477998213951011E+001                  1.8166270280843607E-002                  9.9996988955654598E-001                  6.0985928018360633E+000                  6.1112876009356887E+000                 -1.1085359065609568E+001                  1.8602061889969268E+000                  3.3553283521567798E+000                 -7.4619105027742538E-001                 -1.7398330743460104E+000 
                 7.2967776437757665E+000                  7.4239022465510115E-012                  1.8155520757410365E-002                  1.5169138125509057E-005                  7.0759234400197172E+001                  1.8115928923221926E-002                  9.9996787650924823E-001                  6.0712057751585906E+000                  6.0851078358943669E+000                 -1.1129367755278281E+001                  1.8497831242274494E+000                  3.3484677654338708E+000                 -7.4343724194753880E-001                 -1.7409912896414119E+000 
                 7.3264163256698351E+000                  6.7161318643888264E-012                  1.8109451217445199E-002                  1.5169138125509057E-005                  6.9096584123772075E+001                  1.8068071290503813E-002                  9.9996586346195038E-001                  6.0445273855563713E+000                  6.0596854388756070E+000                 -1.1172880785521745E+001                  1.8394565769441338E+000                  3.3417697938059261E+000                 -7.4078742362488237E-001                 -1.7420947101965136E+000 
                 7.3567702165898918E+000                  6.0479786220732232E-012                  1.8064169069478223E-002                  1.5169138125509057E-005                  6.7394272035748770E+001                  1.8021065208153952E-002                  9.9996385041465263E-001                  6.0177006589565867E+000                  6.0342874904481212E+000                 -1.1218389752614661E+001                  1.8286229854084799E+000                  3.3350065790651349E+000                 -7.3815104712445156E-001                 -1.7431820106716627E+000 
                 7.3875846301042953E+000                  5.4459789348453791E-012                  1.8020342138488282E-002                  1.5169138125509057E-005                  6.5730493444004651E+001                  1.7975528594152135E-002                  9.9996176119830149E-001                  5.9910618514295528E+000                  6.0092503781743423E+000                 -1.1263924042852482E+001                  1.8177668913435319E+000                  3.3282621291680536E+000                 -7.3555956106718212E-001                 -1.7442369676606779E+000 
                 7.4190229033825732E+000                  4.8915915502342422E-012                  1.7977677106254478E-002                  1.5169138125509057E-005                  6.4065641340897599E+001                  1.7931173253377144E-002                  9.9995959581289684E-001                  5.9645999403383927E+000                  5.9843849620646070E+000                 -1.1310549813877198E+001                  1.8066251768177994E+000                  3.3215267210235706E+000                 -7.3300715356759372E-001                 -1.7452664241215707E+000 
                 7.4511185645342408E+000                  4.3995532256524456E-012                  1.7936146520734549E-002                  1.5169138125509057E-005                  6.2462159093428667E+001                  1.7887194108183818E-002                  9.9995619539668334E-001                  5.9382983286031967E+000                  5.9597307536005033E+000                 -1.1356591423851405E+001                  1.7956169907506747E+000                  3.3148153226722608E+000                 -7.3049968256691766E-001                 -1.7462708569744261E+000 
                 7.4839014376626221E+000                  3.9466898491121722E-012                  1.7895821044979603E-002                  1.5169138125509057E-005                  6.0857184352420830E+001                  1.7845276098731652E-002                  9.9995387767317256E-001                  5.9121803356903442E+000                  5.9353581959831843E+000                 -1.1403767001324672E+001                  1.7843118537737033E+000                  3.3081428824701904E+000                 -7.2804199026356320E-001                 -1.7472483717571159E+000 
                 7.5174996401089951E+000                  3.5430003597528560E-012                  1.7856405441826331E-002                  1.5169138125509057E-005                  5.9302800069334779E+001                  1.7804353333372287E-002                  9.9995155994966134E-001                  5.8863080815553825E+000                  5.9111438628023771E+000                 -1.1450628803568975E+001                  1.7730751981736048E+000                  3.3015032124798105E+000                 -7.2562747205336464E-001                 -1.7482059616790702E+000 
                 7.5521428005590874E+000                  3.1850317156535655E-012                  1.7817523415558367E-002                  1.5169138125509057E-005                  5.7807500432292962E+001                  1.7762685573203950E-002                  9.9994692450263911E-001                  5.8605011401894638E+000                  5.8868066895410580E+000                 -1.1496886238724311E+001                  1.7619841894384622E+000                  3.2948513243549624E+000                 -7.2323638255671263E-001                 -1.7491526617864537E+000 
                 7.5876705713779762E+000                  2.8550030800051572E-012                  1.7779554218582592E-002                  1.5169138125509057E-005                  5.6308068639389226E+001                  1.7724081485307946E-002                  9.9994576564088355E-001                  5.8346733262612664E+000                  5.8626721847276420E+000                 -1.1544393418896759E+001                  1.7505706295842596E+000                  3.2881864855932510E+000                 -7.2087442744042862E-001                 -1.7500791321642717E+000 
                 7.6239890684352796E+000                  2.5612797090173447E-012                  1.7742637601122567E-002                  1.5169138125509057E-005                  5.4857319310068014E+001                  1.7685305085760064E-002                  9.9994228905561700E-001                  5.8087778479174874E+000                  5.8388002898254809E+000                 -1.1591542991055379E+001                  1.7392345794433437E+000                  3.2814809575566515E+000                 -7.1853407411903891E-001                 -1.7509818179617496E+000 
                 7.6612906773154634E+000                  2.2980622692094252E-012                  1.7706637743199163E-002                  1.5169138125509057E-005                  5.3444352175687342E+001                  1.7647576756068300E-002                  9.9993881247035032E-001                  5.7825772572209591E+000                  5.8151252510768145E+000                 -1.1638638207672251E+001                  1.7279018151938408E+000                  3.2746744502977951E+000                 -7.1619390694025886E-001                 -1.7518638977711807E+000 
                 7.6996865513081429E+000                  2.0630162076755960E-012                  1.7671512081816599E-002                  1.5169138125509057E-005                  5.2073674524866867E+001                  1.7610844471652651E-002                  9.9993533588508354E-001                  5.7559796623508230E+000                  5.7916905019262641E+000                 -1.1685497360065419E+001                  1.7166182222258692E+000                  3.2677458852772139E+000                 -7.1384686264025132E-001                 -1.7527262880318213E+000 
                 7.7392452728143404E+000                  1.8526284713762117E-012                  1.7637100066827286E-002                  1.5169138125509057E-005                  5.0741454777620852E+001                  1.7574408643978915E-002                  9.9993070043806132E-001                  5.7291090631575434E+000                  5.7683566849836998E+000                 -1.1732211665953123E+001                  1.7053629122615583E+000                  3.2607224518304316E+000                 -7.1150523624967255E-001                 -1.7535728210470516E+000 
                 7.7799459159149720E+000                  1.6635752630300761E-012                  1.7603339343968235E-002                  1.5169138125509057E-005                  4.9441598496289060E+001                  1.7539800209046476E-002                  9.9992838271455031E-001                  5.7022707299107207E+000                  5.7450762676249374E+000                 -1.1778957546115116E+001                  1.6940925011684924E+000                  3.2536908856300699E+000                 -7.0919543507274185E-001                 -1.7544049389419161E+000 
                 7.8217744156254598E+000                  1.4943531470416643E-012                  1.7570242823881740E-002                  1.5169138125509057E-005                  4.8178563814232611E+001                  1.7504866859169688E-002                  9.9992357388305997E-001                  5.6759332953137438E+000                  5.7218528835997668E+000                 -1.1825546757481922E+001                  1.6828538470739454E+000                  3.2467537544905181E+000                 -7.0693881063344743E-001                 -1.7552222364362249E+000 
                 7.8647146348549635E+000                  1.3427177709262594E-012                  1.7537840941546447E-002                  1.5169138125509057E-005                  4.6950210263814348E+001                  1.7471700893244672E-002                  9.9992108277508063E-001                  5.6505019771947476E+000                  5.6987396188351500E+000                 -1.1872015263139291E+001                  1.6716375389666041E+000                  3.2400388881574056E+000                 -7.0477306339019885E-001                 -1.7560238730502260E+000 
                 7.9088457644581656E+000                  1.2176560598313607E-012                  1.7505969981915361E-002                  1.5169138125509057E-005                  4.5858251292260263E+001                  1.7438018681102306E-002                  9.9991575379018582E-001                  5.6261049829251615E+000                  5.6754778860527590E+000                 -1.1914475365571068E+001                  1.6614174871172820E+000                  3.2335902097065703E+000                 -7.0270947148782714E-001                 -1.7568138205674710E+000 
                 7.9549234242795839E+000                  1.1085672387660749E-012                  1.7473117658453514E-002                  1.5169138125509057E-005                  4.4836812481499926E+001                  1.7404626222062236E-002                  9.9991308929773837E-001                  5.6022688432550263E+000                  5.6512793458734176E+000                 -1.1955237960159351E+001                  1.6516347275249226E+000                  3.2272733014353996E+000                 -7.0069871981509979E-001                 -1.7576295986768942E+000 
                 8.0015419543622528E+000                  1.0380138188193611E-012                  1.7439521302626663E-002                  1.5169138125509057E-005                  4.4148192247295420E+001                  1.7371525377369908E-002                  9.9991308929773837E-001                  5.5794189683888957E+000                  5.6258408618180118E+000                 -1.1983796864794837E+001                  1.6449129221215599E+000                  3.2212004749300265E+000                 -6.9876857797246983E-001                 -1.7584654401879112E+000 
                 8.0492022399375216E+000                  9.7374860046419652E-013                  1.7404528078015496E-002                  1.5169138125509057E-005                  4.3492062846963464E+001                  1.7336589303856748E-002                  9.9991175705151447E-001                  5.5568557853403080E+000                  5.5987008050959366E+000                 -1.2011553153515644E+001                  1.6384100038824765E+000                  3.2151949181500910E+000                 -6.9686622396378506E-001                 -1.7593377480701480E+000 
                 8.0964425186238671E+000                  9.1371028407670427E-013                  1.7369631062071053E-002                  1.5169138125509057E-005                  4.2848562109103348E+001                  1.7300042479237467E-002                  9.9990509582039577E-001                  5.5348667946205019E+000                  5.5710182850967547E+000                 -1.2039191486949202E+001                  1.6319362495109542E+000                  3.2093479242821625E+000                 -6.9502527665269043E-001                 -1.7602094060438824E+000 
                 8.1428280428158555E+000                  8.5627624258164658E-013                  1.7335525777053010E-002                  1.5169138125509057E-005                  4.2200188036915748E+001                  1.7264733493793542E-002                  9.9989921742939725E-001                  5.5134737503470381E+000                  5.5434567332973694E+000                 -1.2067386105328708E+001                  1.6253143828405285E+000                  3.2036524586115047E+000                 -6.9324549872405994E-001                 -1.7610629818927848E+000 
                 8.1882395825713914E+000                  8.0354384460609874E-013                  1.7302848041414971E-002                  1.5169138125509057E-005                  4.1574115610458719E+001                  1.7231291011558580E-002                  9.9989439658157098E-001                  5.4926937152192501E+000                  5.5165399266699904E+000                 -1.2094990421388513E+001                  1.6188230160295418E+000                  3.1980989224582208E+000                 -6.9152803044693667E-001                 -1.7618824063007135E+000 
                 8.2335693126555061E+000                  7.5757035342042361E-013                  1.7271050715163050E-002                  1.5169138125509057E-005                  4.1003958442524649E+001                  1.7197912045642451E-002                  9.9988636183519364E-001                  5.4719437273522873E+000                  5.4898308917573919E+000                 -1.2120577029250089E+001                  1.6128257811886442E+000                  3.1925349966843108E+000                 -6.8982855904535434E-001                 -1.7626812405497057E+000 
                 8.2793708695423174E+000                  7.1274762920129073E-013                  1.7239878652201102E-002                  1.5169138125509057E-005                  4.0419995879059158E+001                  1.7165773001413625E-002                  9.9987993403809172E-001                  5.4508313292872401E+000                  5.4632072730413404E+000                 -1.2147064218601468E+001                  1.6065962612789579E+000                  3.1868586214524863E+000                 -6.8811925879142399E-001                 -1.7634657954060231E+000 
                 8.3255392394923433E+000                  6.7183720485915456E-013                  1.7209624992611923E-002                  1.5169138125509057E-005                  3.9862059322633407E+001                  1.7134536329833219E-002                  9.9987302740490680E-001                  5.4292619348330646E+000                  5.4368226994319215E+000                 -1.2172735949560103E+001                  1.6005597273812160E+000                  3.1810416502858425E+000                 -6.8639450525236034E-001                 -1.7642285930898567E+000 
                 8.3722352037180379E+000                  6.3181359525547615E-013                  1.7180486409493146E-002                  1.5169138125509057E-005                  3.9287910894212331E+001                  1.7104453625919096E-002                  9.9986564193563843E-001                  5.4072553338663223E+000                  5.4111818298061465E+000                 -1.2199411033256908E+001                  1.5942589322608531E+000                  3.1750840171396506E+000                 -6.8466055549198046E-001                 -1.7649645446975335E+000 
                 8.4199180943812539E+000                  5.9765274422395051E-013                  1.7152343761158709E-002                  1.5169138125509057E-005                  3.8777509746001343E+001                  1.7075595617853587E-002                  9.9985883717390878E-001                  5.3842405001282883E+000                  5.3859064743636464E+000                 -1.2223551082018281E+001                  1.5885799116842059E+000                  3.1688311666283884E+000                 -6.8287775113150406E-001                 -1.7656765279249249E+000 
                 8.4694905976984884E+000                  5.6352659333115406E-013                  1.7124418715462050E-002                  1.5169138125509057E-005                  3.8242837397022328E+001                  1.7047624972412641E-002                  9.9985261311971807E-001                  5.3598532675180017E+000                  5.3608412664973031E+000                 -1.2249085584383696E+001                  1.5825501029372633E+000                  3.1621867466077460E+000                 -6.8102463704933658E-001                 -1.7663841616137472E+000 
                 8.5211137485261563E+000                  5.3293587228064565E-013                  1.7097323941826510E-002                  1.5169138125509057E-005                  3.7742797813018015E+001                  1.7019876758789108E-002                  9.9984327703843168E-001                  5.3351395932737553E+000                  5.3360264976754603E+000                 -1.2273325046114492E+001                  1.5768340865380552E+000                  3.1554457251579895E+000                 -6.7917354577527578E-001                 -1.7670718596807293E+000 
                 8.5754452422938030E+000                  5.0422401804663349E-013                  1.7071520816407094E-002                  1.5169138125509057E-005                  3.7251966050682377E+001                  1.6994096405782793E-002                  9.9983705298424075E-001                  5.3109445807171252E+000                  5.3140701695098933E+000                 -1.2297376471121524E+001                  1.5711491944652152E+000                  3.1488328259023990E+000                 -6.7738202223310917E-001                 -1.7677277880385651E+000 
                 8.6332954456344861E+000                  4.7910563135275010E-013                  1.7047203767340289E-002                  1.5169138125509057E-005                  3.6805325674020423E+001                  1.6969216599082289E-002                  9.9982774018444898E-001                  5.2874879547276423E+000                  5.2924984223681451E+000                 -1.2319568724464226E+001                  1.5659106609300497E+000                  3.1424017049754984E+000                 -6.7566558968514179E-001                 -1.7683468476395849E+000 
                 8.6961622019995151E+000                  4.5319296552296023E-013                  1.7022806357588172E-002                  1.5169138125509057E-005                  3.6323244400419142E+001                  1.6944832701609274E-002                  9.9982075558460515E-001                  5.2662682293686442E+000                  5.2713408484176734E+000                 -1.2343716839890439E+001                  1.5601846288181511E+000                  3.1365783313640230E+000                 -6.7412823264052490E-001                 -1.7689688411288944E+000 
                 8.7632846897810079E+000                  4.2532195074695860E-013                  1.7001361736280678E-002                  1.5169138125509057E-005                  3.5773960045547483E+001                  1.6922482186501647E-002                  9.9980666542108187E-001                  5.2509660846667812E+000                  5.2561125021456014E+000                 -1.2371282202890788E+001                  1.5535670135536623E+000                  3.1323858950971175E+000                 -6.7302674903673021E-001                 -1.7695162921000913E+000 
                 8.8391967469118153E+000                  4.0561666488303024E-013                  1.6986295909482231E-002                  1.5169138125509057E-005                  3.5367879889703381E+001                  1.6907248067055555E-002                  9.9979882411203158E-001                  5.2413787964770835E+000                  5.2465505792745439E+000                 -1.2391884210188371E+001                  1.5486090229620384E+000                  3.1297622732026418E+000                 -6.7233894720402720E-001                 -1.7699013145656357E+000 
                 8.9294310957502088E+000                  3.9408522867540591E-013                  1.6978139284127322E-002                  1.5169138125509057E-005                  3.5122216481848085E+001                  1.6898566084039678E-002                  9.9979098280298129E-001                  5.2365410599134714E+000                  5.2417127937805565E+000                 -1.2404409843299804E+001                  1.5455819113530487E+000                  3.1284375703225664E+000                 -6.7199247223908698E-001                 -1.7701099079033724E+000 
                 9.0332879836447297E+000                  3.9023435290765101E-013                  1.6974744057780551E-002                  1.5169138125509057E-005                  3.5039603204262811E+001                  1.6894826096732821E-002                  9.9978706214845614E-001                  5.2344789487526571E+000                  5.2396450120448286E+000                 -1.2408674501672593E+001                  1.5445591754152999E+000                  3.1278725081446437E+000                 -6.7184490300297572E-001                 -1.7701967652142689E+000 
                 9.1493244381859249E+000                  3.8862634761082546E-013                  1.6974549341492888E-002                  1.5169138125509057E-005                  3.5003651882455145E+001                  1.6894718180362776E-002                  9.9978706214845614E-001                  5.2344903783327359E+000                  5.2396565570412612E+000                 -1.2410467758975305E+001                  1.5441133519870986E+000                  3.1278756429250709E+000                 -6.7184571759638967E-001                 -1.7702017470092226E+000 
                 9.2756615497386203E+000                  3.8863023648098015E-013                  1.6974552772240050E-002                  1.5169138125509057E-005                  3.5003735912627697E+001                  1.6894721390843939E-002                  9.9978706214845614E-001                  5.2344924770353147E+000                  5.2396586765170179E+000                 -1.2410463413139235E+001                  1.5441143945582227E+000                  3.1278762182096527E+000                 -6.7184586767584176E-001                 -1.7702016592334366E+000 
                 9.4103077336980530E+000                  3.8863079149987444E-013                  1.6974553259206385E-002                  1.5169138125509057E-005                  3.5003747908097175E+001                  1.6894721846382871E-002                  9.9978706214845614E-001                  5.2344927771978922E+000                  5.2396589796355357E+000                 -1.2410462792905790E+001                  1.5441145433870598E+000                  3.1278763004926349E+000                 -6.7184588913421861E-001                 -1.7702016467743873E+000 
                 9.5514038457420920E+000                  3.8863083910806961E-013                  1.6974553300627915E-002                  1.5169138125509057E-005                  3.5003748937399422E+001                  1.6894721885110580E-002                  9.9978706214845614E-001                  5.2344928030300588E+000                  5.2396590057214176E+000                 -1.2410462739703686E+001                  1.5441145561576999E+000                  3.1278763075744913E+000                 -6.7184589098011227E-001                 -1.7702016457146161E+000 
                 9.6973586844468613E+000                  3.8863084145407298E-013                  1.6974553302644600E-002                  1.5169138125509057E-005                  3.5003748988145865E+001                  1.6894721886993411E-002                  9.9978706214845614E-001                  5.2344928043092853E+000                  5.2396590070131319E+000                 -1.2410462737082030E+001                  1.5441145567873154E+000                  3.1278763079252148E+000                 -6.7184589107147275E-001                 -1.7702016456630192E+000 
                 9.6989700043360187E+000                  3.8863084146069149E-013                  1.6974553302646227E-002                  1.5169138125509057E-005                  3.5003748988293211E+001                  1.6894721886995333E-002                  9.9978706214845614E-001                  5.2344928043135628E+000                  5.2396590070174689E+000                 -1.2410462737074635E+001                  1.5441145567891437E+000                  3.1278763079264080E+000                 -6.7184589107175396E-001                 -1.7702016456629777E+000 
