                           1                            2                            3                            4                            5 
              version_number                 initial_mass                    initial_z                    burn_min1                    burn_min2 
                       10398      1.0000000000000000E+000      2.0000000000000000E-002      5.0000000000000000E+001      1.0000000000000000E+003 

                                       1                                        2                                        3                                        4                                        5                                        6                                        7                                        8                                        9                                       10                                       11                                       12                                       13                                       14 
                            log_star_age                               luminosity                                   radius                                star_mass                 surface_cell_temperature                           conv_mx1_top_r                             conv_mx1_top                           center_entropy                              max_entropy                                    log_L                                 log_Teff                             log_center_T                           log_center_Rho                                    log_R 
                 3.4981789125485649E+000                  1.1224758043329415E-008                  3.1101751296920110E-002                  2.1236793375712682E-005                  3.3712125358235369E+002                  1.9375260924847947E-002                  6.7893216535801248E-001                  8.3127060775413302E+000                  8.3143655498380156E+000                 -7.9498230117125610E+000                  2.5277812431774458E+000                  3.8536569858500287E+000                 -9.9585098600335176E-001                 -1.5072151557585447E+000 
                 3.5268134605833148E+000                  1.3524453518048360E-008                  3.1917597959428980E-002                  2.1236793375712682E-005                  3.4865367728245405E+002                  3.1679067202561390E-002                  9.9996946453826008E-001                  8.3838833966210675E+000                  8.3838833966210675E+000                 -7.8688802743833861E+000                  2.5423942496479253E+000                  3.8631055027883092E+000                 -1.0088423929722974E+000                 -1.4959698000349171E+000 
                 3.5443191190088634E+000                  1.5162647410135760E-008                  3.2467163705914188E-002                  2.1236793375712682E-005                  3.5571403606059908E+002                  3.2232098829332902E-002                  9.9997076971417054E-001                  8.4290462952099166E+000                  8.4290462952098881E+000                 -7.8192249639260405E+000                  2.5511010018365252E+000                  3.8690145229261104E+000                 -1.0172692746292746E+000                 -1.4885556491834440E+000 
                 3.5576821901283671E+000                  1.6545574041868026E-008                  3.2914948936941815E-002                  2.1236793375712682E-005                  3.6107987685102097E+002                  3.2684657578986205E-002                  9.9997207489008100E-001                  8.4643500110626206E+000                  8.4643500110626206E+000                 -7.7813181605747905E+000                  2.5576032852426609E+000                  3.8735857122024466E+000                 -1.0239550205981749E+000                 -1.4826068143200901E+000 
                 3.5700001562754449E+000                  1.7927149587994112E-008                  3.3350763466275538E-002                  2.1236793375712682E-005                  3.6597746036030406E+002                  3.3116919079055063E-002                  9.9997207489008111E-001                  8.4975077559727286E+000                  8.4975077559727286E+000                 -7.7464887576555759E+000                  2.5634543386907018E+000                  3.8778390600932444E+000                 -1.0303136510816815E+000                 -1.4768942197565651E+000 
                 3.5819163870529569E+000                  1.9372811739095635E-008                  3.3795073436569636E-002                  2.1236793375712682E-005                  3.7068147792213483E+002                  3.3566139964204121E-002                  9.9997331907383524E-001                  8.5301356549941474E+000                  8.5301356549941474E+000                 -7.7128073418955720E+000                  2.5690008855019997E+000                  3.8819864551081138E+000                 -1.0366478858606412E+000                 -1.4711466054991589E+000 
                 3.5935630442181066E+000                  2.0895295102706243E-008                  3.4252556312228406E-002                  2.1236793375712682E-005                  3.7522783829755900E+002                  3.4019915959449046E-002                  9.9997331907383524E-001                  8.5625437451503927E+000                  8.5625437451503927E+000                 -7.6799514909682181E+000                  2.5742950509880478E+000                  3.8860693083447337E+000                 -1.0430174705735009E+000                 -1.4653070110075774E+000 
                 3.6049671434560984E+000                  2.2503918189696941E-008                  3.4724270927261720E-002                  2.1236793375712682E-005                  3.7964473876797706E+002                  3.4496827445287065E-002                  9.9997456325758938E-001                  8.5947728970428283E+000                  8.5947728970428283E+000                 -7.6477418596656319E+000                  2.5793773852928563E+000                  3.8900937041880042E+000                 -1.0494292877954694E+000                 -1.4593668639659012E+000 
                 3.6161450958860919E+000                  2.4200015800463982E-008                  3.5210932590468938E-002                  2.1236793375712682E-005                  3.8392338587310508E+002                  3.4979560587274618E-002                  9.9997456325758938E-001                  8.6268507477650704E+000                  8.6268507477650704E+000                 -7.6161843504636977E+000                  2.5842445666761082E+000                  3.8940629559630411E+000                 -1.0558866284324839E+000                 -1.4533224721314386E+000 
                 3.6271073026293879E+000                  2.5987707546966549E-008                  3.5713074182340106E-002                  2.1236793375712682E-005                  3.8806796510459895E+002                  3.5477570953425526E-002                  9.9997456325758927E-001                  8.6587782345704571E+000                  8.6587782345704891E+000                 -7.5852320292182469E+000                  2.5889077929807471E+000                  3.8979766931427604E+000                 -1.0623884368230569E+000                 -1.4471727641179912E+000 
                 3.6378608566691435E+000                  2.7872960305228072E-008                  3.6231309714978219E-002                  2.1236793375712682E-005                  3.9208766157239756E+002                  3.5991465166648071E-002                  9.9997456325758938E-001                  8.6905425582837523E+000                  8.6910343981902578E+000                 -7.5548169036960733E+000                  2.5933831755512831E+000                  3.9018337214060534E+000                 -1.0689326740859599E+000                 -1.4409159664979760E+000 
                 3.6484098044531077E+000                  2.9861565105188022E-008                  3.6766022215070061E-002                  2.1236793375712682E-005                  3.9599001708208573E+002                  3.6531236647587853E-002                  9.9997574923983878E-001                  8.7221201592354376E+000                  8.7235704002981453E+000                 -7.5248874337598952E+000                  2.5976842371485396E+000                  3.9056320118692716E+000                 -1.0755156215663380E+000                 -1.4345533547243998E+000 
                 3.6587586016947991E+000                  3.1957703927369207E-008                  3.7317538490945830E-002                  2.1236793375712682E-005                  3.9977608999860877E+002                  3.7078214335834879E-002                  9.9997574923983878E-001                  8.7534960301312434E+000                  8.7559258399810123E+000                 -7.4954244310944276E+000                  2.6018168157324033E+000                  3.9093700939561207E+000                 -1.0821335512980093E+000                 -1.4280870105593937E+000 
                 3.6689120643816291E+000                  3.4167540153081781E-008                  3.7886139019033309E-002                  2.1236793375712682E-005                  4.0345274314302412E+002                  3.7642107068419840E-002                  9.9997574923983878E-001                  8.7846620460135032E+000                  8.7880507853324428E+000                 -7.4663862865333215E+000                  2.6057926723292955E+000                  3.9130467739947528E+000                 -1.0887820903412195E+000                 -1.4215196514726247E+000 
                 3.6788797150713521E+000                  3.6503679379013562E-008                  3.8472601806458701E-002                  2.1236793375712682E-005                  4.0704066586433578E+002                  3.8213421783625155E-002                  9.9997456325758938E-001                  8.8156338332474284E+000                  8.8199628690563525E+000                 -7.4376633587361809E+000                  2.6096377997639673E+000                  3.9166633993850630E+000                 -1.0954618472112303E+000                 -1.4148484424433982E+000 
                 3.6886663862722635E+000                  3.8975416547262095E-008                  3.9077334296306915E-002                  2.1236793375712682E-005                  4.1054866550977363E+002                  3.8812944583902824E-002                  9.9997456325758938E-001                  8.8463948572634798E+000                  8.8516727451641586E+000                 -7.4092092346199241E+000                  2.6133646444825898E+000                  3.9202182632043487E+000                 -1.1021685359540820E+000                 -1.4080750698225148E+000 
                 3.6982831542268486E+000                  4.1594502526623223E-008                  3.9701157093596610E-002                  2.1236793375712682E-005                  4.1398711082071492E+002                  3.9431462988855130E-002                  9.9997456325758938E-001                  8.8769530669055055E+000                  8.8831935902922261E+000                 -7.3809640655300441E+000                  2.6169868195952297E+000                  3.9237133156702977E+000                 -1.1089049486970184E+000                 -1.4011968355028546E+000 
                 3.7077323648442571E+000                  4.4368891734305051E-008                  4.0344047493804984E-002                  2.1236793375712682E-005                  4.1735856504080994E+002                  4.0068990050787616E-002                  9.9997456325758938E-001                  8.9072823300670034E+000                  8.9144985095487659E+000                 -7.3529214191465728E+000                  2.6205093302339848E+000                  3.9271466232530248E+000                 -1.1156661959044720E+000                 -1.3942205335886293E+000 
                 3.7170188603562293E+000                  4.7312812236375107E-008                  4.1006249524391115E-002                  2.1236793375712682E-005                  4.2067730615905327E+002                  4.0714100056682440E-002                  9.9997331907383524E-001                  8.9373730874608359E+000                  8.9455740776196002E+000                 -7.3250212370615362E+000                  2.6239490839288129E+000                  3.9305176105232094E+000                 -1.1224490110039109E+000                 -1.3871499499357673E+000 
                 3.7261535458805111E+000                  5.0559889496323103E-008                  4.1695151186205294E-002                  2.1236793375712682E-005                  4.2416826339764788E+002                  4.1396777845991647E-002                  9.9997331907383524E-001                  8.9672340650764184E+000                  8.9764335386608884E+000                 -7.2961938839185025E+000                  2.6275381707851651E+000                  3.9338271698817682E+000                 -1.1292527119812894E+000                 -1.3799144470769549E+000 
                 3.7349783455575705E+000                  5.4505865080107961E-008                  4.2420013926724350E-002                  2.1236793375712682E-005                  4.2850394475138285E+002                  3.7066448344737483E-002                  9.9699494573262115E-001                  8.9962945918291251E+000                  9.0064968288841687E+000                 -7.2635567631384355E+000                  2.6319548240607853E+000                  3.9370128176100061E+000                 -1.1359432775713696E+000                 -1.3724291932381616E+000 
                 3.7391832385470098E+000                  5.6637295832635026E-008                  4.2783255587242934E-002                  2.1236793375712682E-005                  4.3079249766165327E+002                  3.7278090147828957E-002                  9.9692418274844774E-001                  9.0102034959441415E+000                  9.0209014999254311E+000                 -7.2468974903641996E+000                  2.6342681310927900E+000                  3.9385251007738011E+000                 -1.1391698986225951E+000                 -1.3687261709150531E+000 
